  1.0000E-11
  2.5300E-08
  1.0000E-06
  1.0000E-05
  1.0000E-04
  1.0000E-03
  2.0000E-03
  4.0000E-03
  7.0000E-03
  1.0000E-02
  2.0000E-02
  4.0000E-02
  7.0000E-02
  0.1000    
  0.2000    
  0.3000    
  0.4000    
  0.5000    
  0.6000    
  0.7000    
  0.8000    
  0.9000    
   1.000    
   1.200    
   1.400    
   1.600    
   1.800    
   2.000    
   2.200    
   2.400    
   2.600    
   2.800    
   3.000    
   3.200    
   3.400    
   3.600    
   3.800    
   4.000    
   4.200    
   4.400    
   4.600    
   4.800    
   5.000    
   5.200    
   5.400    
   5.600    
   5.800    
   6.000    
   6.200    
   6.400    
   6.600    
   6.800    
   7.000    
   7.200    
   7.400    
   7.600    
   7.800    
   8.000    
   8.500    
   9.000    
   9.500    
   10.00    
   10.50    
   11.00    
   11.50    
   12.00    
   12.50    
   13.00    
   13.50    
   14.00    
   14.50    
   15.00    
   16.00    
   17.00    
   18.00    
   19.00    
   20.00    
