# Energy [MeV], best_fit, best_fit-sigma, best_fit+sigma, staterr
1.354680000000000106e+00 1.200479899999999942e-08 9.212108792837744146e-09 1.260973513257096290e-08 1.039180599999999905e-09
1.476792000000000105e+00 1.581045199999999912e-08 1.227347099039832208e-08 1.660265486678891084e-08 9.697853600000000286e-10
1.598904000000000103e+00 1.520437100000000083e-08 1.194017748094731904e-08 1.596188308568350708e-08 1.054829399999999980e-09
1.721016000000000101e+00 1.784226099999999905e-08 1.417462083865398071e-08 1.872611509547635473e-08 1.109859399999999945e-09
1.843128000000000100e+00 1.708529100000000057e-08 1.373012473330871492e-08 1.792678316410913552e-08 1.003753600000000085e-09
1.965240000000000098e+00 1.668227200000000077e-08 1.356073924629789880e-08 1.749916971777705391e-08 9.058472299999999955e-10
2.087352000000000096e+00 2.007299000000000060e-08 1.650504023912748673e-08 2.105021134346377788e-08 1.102801199999999924e-09
2.209464000000000095e+00 2.117105200000000147e-08 1.760856110792480032e-08 2.219570853665764084e-08 1.140428300000000037e-09
2.331576000000000093e+00 2.343551299999999916e-08 1.971665201323237720e-08 2.456311272659957831e-08 1.137047900000000072e-09
2.453688000000000091e+00 2.521806399999999846e-08 2.146091644519845815e-08 2.642425977231051844e-08 1.302499699999999904e-09
2.575800000000000090e+00 2.957495899999999864e-08 2.545847364638793884e-08 3.098114655104401858e-08 1.492323599999999981e-09
2.697912000000000088e+00 3.015275899999999803e-08 2.625373473175703652e-08 3.157786022799273661e-08 1.589449700000000035e-09
2.820024000000000086e+00 3.153557400000000180e-08 2.777290297985183453e-08 3.301707075594172669e-08 1.704326700000000031e-09
2.942136000000000084e+00 3.289838799999999912e-08 2.929403157421354531e-08 3.443456502794327343e-08 1.847707799999999942e-09
3.064248000000000083e+00 3.625645900000000126e-08 3.264100481676665568e-08 3.793914529203333893e-08 1.912094700000000010e-09
3.186359999999999637e+00 3.721646999999999815e-08 3.383753281756582050e-08 3.893314197335659276e-08 2.210606999999999954e-09
3.308472000000000079e+00 3.837974899999999963e-08 3.521000859876609309e-08 4.013920859808444487e-08 2.509515299999999985e-09
3.430584000000000522e+00 3.871215899999999724e-08 3.582216112187662250e-08 4.047867058480954827e-08 2.576858099999999944e-09
3.552696000000000076e+00 3.944976599999999742e-08 3.671205280094081710e-08 4.126784827450814538e-08 2.879516799999999806e-09
3.674807999999999630e+00 4.003968700000000267e-08 3.748858115860757566e-08 4.191036564156647444e-08 3.347566199999999875e-09
3.796920000000000073e+00 4.019829800000000271e-08 3.781317561971576279e-08 4.220476765778440082e-08 3.223098200000000011e-09
3.919032000000000515e+00 3.741849099999999897e-08 3.519276529542965093e-08 3.940613492494347316e-08 3.329389400000000034e-09
4.041144000000000069e+00 4.022523100000000204e-08 3.782230543386207523e-08 4.249300142211004065e-08 3.980361800000000258e-09
4.163255999999999624e+00 4.474645000000000030e-08 4.206201271604570126e-08 4.741747598034913329e-08 4.008553899999999772e-09
4.285368000000000066e+00 4.976518400000000168e-08 4.676698785747786635e-08 5.236229245629036516e-08 5.585784300000000253e-09
4.407480000000000508e+00 6.005168300000000218e-08 5.641842460947576656e-08 6.314922560459278237e-08 6.178010099999999877e-09
4.529592000000000063e+00 5.741130600000000196e-08 5.392318848181050484e-08 6.057280355369526916e-08 6.509451599999999781e-09
4.651703999999999617e+00 6.065312899999999866e-08 5.695262308334429267e-08 6.444613596161213316e-08 7.022698900000000224e-09
4.773816000000000059e+00 7.027092900000000157e-08 6.596569491405278637e-08 7.530802187547574304e-08 8.278635600000000524e-09
4.895928000000000502e+00 6.838231299999999371e-08 6.417540259655140120e-08 7.386763720062723477e-08 1.030037700000000065e-08
5.018040000000000056e+00 6.903090400000000037e-08 6.476649234271233334e-08 7.503062989817574726e-08 8.878365599999999238e-09
5.140151999999999610e+00 9.623307999999999790e-08 9.026379272196111445e-08 1.039294448648806061e-07 1.321850100000000053e-08
5.262264000000000053e+00 1.066718100000000029e-07 1.000278268243619564e-07 1.160431318479295591e-07 1.597185299999999849e-08
5.384376000000000495e+00 1.087091999999999951e-07 1.019107191037566572e-07 1.187678250624829692e-07 1.953997299999999960e-08
5.506488000000000049e+00 8.789795899999999421e-08 8.237857147295482702e-08 9.663429625976870483e-08 2.124619399999999943e-08
5.628599999999999604e+00 1.062694699999999945e-07 9.956950822002269714e-08 1.175745276536578636e-07 2.322775699999999990e-08
5.750712000000000046e+00 1.265725599999999966e-07 1.185605502907376344e-07 1.409382171981440425e-07 3.137934700000000070e-08
5.872824000000000488e+00 1.290695799999999889e-07 1.208666494715252326e-07 1.444443704110387635e-07 4.853916400000000140e-08
5.994936000000000043e+00 1.784063799999999916e-07 1.670226352720052805e-07 1.993336036357333714e-07 9.046593200000000238e-08
