# Energy [MeV], best_fit, best_fit-sigma, best_fit+sigma, staterr
-2.327759999999999829e-01 1.509084999999999965e+01 1.399498043927252233e+01 1.552384876561277771e+01 1.530956500000000053e+00
-1.106639999999999846e-01 2.269315299999999880e+01 2.127301337843030282e+01 2.331229526497164173e+01 1.972892400000000102e+00
1.144800000000001372e-02 3.616813700000000154e+01 3.426536028563767644e+01 3.710402923083046289e+01 2.746599199999999907e+00
1.335600000000000120e-01 4.865869899999999859e+01 4.654770632450425438e+01 4.984946871754195996e+01 3.748447399999999874e+00
2.556720000000000104e-01 6.661535600000000557e+01 6.424785503649428620e+01 6.822969827617770022e+01 4.866863699999999682e+00
3.777840000000000087e-01 7.800564599999999871e+01 7.565186594454225144e+01 7.992288383206361857e+01 5.733403199999999700e+00
4.998960000000000070e-01 1.128603600000000000e+02 1.098293042768741259e+02 1.157191119732339786e+02 8.038191799999999887e+00
6.220080000000000053e-01 1.532509300000000110e+02 1.495246142753024117e+02 1.572646677286096235e+02 9.145175000000000054e+00
7.441200000000000037e-01 1.926750499999999988e+02 1.881305018773074664e+02 1.979626066584038995e+02 1.109359599999999979e+01
8.662320000000000020e-01 2.611323899999999867e+02 2.551636037864029163e+02 2.700895494918392501e+02 1.347336699999999965e+01
9.883440000000000003e-01 3.208631300000000124e+02 3.137633416232308150e+02 3.357591223476973141e+02 1.675904500000000041e+01
1.110456000000000110e+00 3.705631399999999758e+02 3.626024961600255665e+02 3.923019476605192608e+02 1.665375500000000031e+01
1.232568000000000108e+00 4.507477099999999837e+02 4.413501206177988365e+02 4.816607491916610115e+02 2.408956500000000034e+01
1.354680000000000106e+00 5.783480799999999817e+02 5.666432284706020255e+02 6.252271543309623212e+02 2.514526400000000095e+01
1.476792000000000105e+00 7.384208999999999605e+02 7.237084709918415228e+02 8.060302407656564583e+02 3.206001700000000199e+01
1.598904000000000103e+00 9.133206199999999626e+02 8.952275340814726405e+02 1.008441929718942333e+03 3.746288700000000205e+01
1.721016000000000101e+00 1.279269999999999982e+03 1.254072980155055120e+03 1.428865193744580893e+03 4.312387799999999771e+01
1.843128000000000100e+00 1.566515499999999975e+03 1.535839136889828296e+03 1.770052624690450102e+03 7.074497999999999820e+01
1.965240000000000098e+00 2.031506200000000035e+03 1.991956011405557319e+03 2.321257889267066730e+03 8.124089800000000139e+01
2.087352000000000096e+00 2.534110400000000027e+03 2.485064376205906683e+03 2.929089690719006740e+03 8.840113800000000310e+01
2.209464000000000095e+00 3.174825699999999870e+03 3.113741221863921965e+03 3.712384727411306358e+03 1.327141100000000051e+02
2.331576000000000093e+00 3.756831299999999828e+03 3.684598191667977062e+03 4.435874712723410084e+03 1.521589099999999917e+02
2.453688000000000091e+00 5.030721199999999953e+03 4.933558563969318129e+03 6.010249808970845152e+03 2.093790300000000002e+02
2.575800000000000090e+00 5.969421900000000278e+03 5.853541180267667187e+03 7.216520898183492136e+03 2.889478500000000167e+02
2.697912000000000088e+00 8.203065399999999499e+03 8.042201543827696696e+03 1.003536890116116774e+04 4.401908900000000244e+02
2.820024000000000086e+00 1.046458400000000074e+04 1.025730006250093902e+04 1.295593025349993877e+04 6.050312500000000000e+02
2.942136000000000084e+00 1.300303100000000086e+04 1.273739904650711469e+04 1.614099098856960518e+04 6.416688799999999446e+02
3.064248000000000083e+00 1.427689300000000003e+04 1.397392744572753872e+04 1.793235874736182450e+04 9.684626500000000533e+02
3.186359999999999637e+00 1.823519900000000052e+04 1.783380600420915289e+04 2.317736582901563816e+04 1.096815700000000106e+03
3.308472000000000079e+00 2.342559200000000055e+04 2.289143694708452676e+04 2.778992520790260096e+04 1.632959800000000087e+03
3.430584000000000522e+00 3.337329299999999785e+04 3.258595409864663816e+04 3.993128931171904696e+04 2.532538100000000213e+03
3.552696000000000076e+00 4.233169099999999889e+04 4.129962532782715425e+04 5.109006784963756218e+04 3.622844200000000001e+03
3.674807999999999630e+00 5.325508999999999651e+04 5.191477482573505404e+04 6.483776958761590504e+04 4.738070300000000316e+03
3.796920000000000073e+00 5.847367199999999866e+04 5.695594077553219540e+04 7.182278821689043252e+04 6.562321299999999610e+03
3.919032000000000515e+00 7.362163300000000163e+04 7.165291867310188536e+04 9.123928724191871879e+04 8.327482400000000780e+03
4.041144000000000069e+00 7.389080499999999302e+04 7.185691589554659731e+04 9.240182442476882716e+04 1.038286700000000019e+04
4.163255999999999624e+00 1.141576300000000047e+05 1.109257932256537606e+05 1.440615917082307278e+05 1.675103499999999985e+04
4.285368000000000066e+00 1.282887200000000012e+05 1.245563118076666869e+05 1.633896166370437713e+05 2.034885699999999997e+04
4.407480000000000508e+00 1.188984100000000035e+05 1.153460985005342518e+05 1.528424682270777121e+05 3.296223000000000320e+04
4.529592000000000063e+00 1.732886600000000035e+05 1.679758539699383255e+05 2.248586570068738947e+05 5.077806199999999808e+04
4.651703999999999617e+00 1.730868599999999860e+05 1.676450658394948696e+05 2.267330068948812550e+05 1.165009100000000035e+05
6.243640000000000079e+00 2.315165964412034489e+06 2.232150602741420269e+06 3.407116599981234875e+06 1.047226082270567131e+05
