   0.25  0.135  2.89E+00 1.16E+01 1.16E+01 1.22E+00 2.07E+00 2.35E+00 2.11E+00 1.60E+00 1.03E+00 5.83E-01 2.88E-01 1.25E-01 4.79E-02 1.63E-02 4.90E-03 1.31E-03 3.11E-04 6.57E-05 1.24E-05 2.07E-06 3.09E-07 4.11E-08 4.88E-09 5.16E-10 4.87E-11 4.10E-12 3.08E-13 2.06E-14 1.24E-15 6.60E-17 3.15E-18 1.34E-19 0.00E+00 
   0.50  0.288  9.41E+00 2.61E+01 2.61E+01 2.40E+00 4.15E+00 4.89E+00 4.65E+00 3.76E+00 2.66E+00 1.65E+00 9.15E-01 4.53E-01 2.01E-01 8.01E-02 2.88E-02 9.31E-03 2.72E-03 7.18E-04 1.71E-04 3.69E-05 7.21E-06 1.27E-06 2.04E-07 2.95E-08 3.87E-09 4.60E-10 4.95E-11 4.83E-12 4.27E-13 3.43E-14 2.49E-15 1.64E-16 9.83E-18 
   0.75  0.355  2.10E+01 4.64E+01 4.64E+01 3.78E+00 6.66E+00 8.07E+00 7.99E+00 6.82E+00 5.13E+00 3.44E+00 2.08E+00 1.14E+00 5.63E-01 2.54E-01 1.04E-01 3.90E-02 1.33E-02 4.16E-03 1.19E-03 3.11E-04 7.43E-05 1.63E-05 3.27E-06 6.00E-07 1.01E-07 1.56E-08 2.21E-09 2.87E-10 3.42E-11 3.73E-12 3.73E-13 3.43E-14 2.89E-15 
   1.00  0.451  3.88E+01 7.12E+01 7.12E+01 5.20E+00 9.28E+00 1.15E+01 1.18E+01 1.05E+01 8.27E+00 5.89E+00 3.81E+00 2.25E+00 1.22E+00 6.03E-01 2.75E-01 1.15E-01 4.46E-02 1.59E-02 5.24E-03 1.59E-03 4.47E-04 1.16E-04 2.78E-05 6.16E-06 1.26E-06 2.40E-07 4.20E-08 6.82E-09 1.03E-09 1.43E-10 1.84E-11 2.19E-12 2.41E-13 
   1.25  0.564  7.93E+01 1.62E+02 1.62E+02 1.07E+01 1.93E+01 2.44E+01 2.56E+01 2.35E+01 1.94E+01 1.45E+01 9.90E+00 6.22E+00 3.61E+00 1.93E+00 9.59E-01 4.41E-01 1.88E-01 7.48E-02 2.76E-02 9.46E-03 3.02E-03 8.98E-04 2.49E-04 6.41E-05 1.54E-05 3.44E-06 7.19E-07 1.40E-07 2.53E-08 4.28E-09 6.75E-10 9.92E-11 1.36E-11 
   1.50  0.567  1.38E+02 2.36E+02 2.36E+02 1.43E+01 2.61E+01 3.34E+01 3.58E+01 3.38E+01 2.88E+01 2.24E+01 1.60E+01 1.06E+01 6.50E+00 3.71E+00 1.98E+00 9.81E-01 4.55E-01 1.97E-01 7.98E-02 3.03E-02 1.07E-02 3.57E-03 1.11E-03 3.25E-04 8.88E-05 2.28E-05 5.48E-06 1.24E-06 2.62E-07 5.19E-08 9.67E-09 1.69E-09 2.77E-10 
   1.75  0.652  2.56E+02 4.71E+02 4.71E+02 2.63E+01 4.82E+01 6.26E+01 6.83E+01 6.60E+01 5.78E+01 4.64E+01 3.45E+01 2.38E+01 1.53E+01 9.24E+00 5.21E+00 2.76E+00 1.37E+00 6.38E-01 2.80E-01 1.15E-01 4.47E-02 1.63E-02 5.62E-03 1.82E-03 5.55E-04 1.60E-04 4.33E-05 1.11E-05 2.66E-06 6.04E-07 1.29E-07 2.61E-08 4.97E-09 
   2.00  0.329  4.84E+02 9.11E+02 9.11E+02 4.71E+01 8.70E+01 1.14E+02 1.26E+02 1.25E+02 1.12E+02 9.22E+01 7.08E+01 5.07E+01 3.41E+01 2.15E+01 1.27E+01 7.10E+00 3.73E+00 1.85E+00 8.69E-01 3.85E-01 1.61E-01 6.36E-02 2.38E-02 8.42E-03 2.82E-03 8.93E-04 2.68E-04 7.61E-05 2.04E-05 5.20E-06 1.25E-06 2.86E-07 6.19E-08 
   2.25  0.579  8.23E+02 1.36E+03 1.36E+03 6.53E+01 1.21E+02 1.61E+02 1.80E+02 1.81E+02 1.65E+02 1.40E+02 1.10E+02 8.16E+01 5.67E+01 3.72E+01 2.30E+01 1.34E+01 7.44E+00 3.89E+00 1.93E+00 9.10E-01 4.06E-01 1.72E-01 6.92E-02 2.64E-02 9.58E-03 3.30E-03 1.08E-03 3.36E-04 9.91E-05 2.78E-05 7.43E-06 1.89E-06 4.55E-07 
   2.50  0.541  1.41E+03 2.35E+03 2.35E+03 1.06E+02 1.97E+02 2.64E+02 2.99E+02 3.04E+02 2.83E+02 2.45E+02 1.98E+02 1.50E+02 1.08E+02 7.31E+01 4.69E+01 2.86E+01 1.65E+01 9.06E+00 4.73E+00 2.35E+00 1.11E+00 4.98E-01 2.13E-01 8.70E-02 3.38E-02 1.25E-02 4.42E-03 1.49E-03 4.77E-04 1.46E-04 4.26E-05 1.18E-05 3.14E-06 
   2.75  0.435  2.41E+03 3.99E+03 3.99E+03 1.69E+02 3.17E+02 4.27E+02 4.89E+02 5.03E+02 4.76E+02 4.19E+02 3.46E+02 2.69E+02 1.98E+02 1.39E+02 9.19E+01 5.79E+01 3.48E+01 1.99E+01 1.08E+01 5.64E+00 2.80E+00 1.33E+00 6.00E-01 2.59E-01 1.07E-01 4.23E-02 1.59E-02 5.75E-03 1.98E-03 6.53E-04 2.06E-04 6.21E-05 1.79E-05 
   3.00  0.531  4.08E+03 6.70E+03 6.70E+03 2.68E+02 5.04E+02 6.83E+02 7.89E+02 8.21E+02 7.87E+02 7.05E+02 5.93E+02 4.72E+02 3.56E+02 2.55E+02 1.74E+02 1.13E+02 7.03E+01 4.17E+01 2.36E+01 1.28E+01 6.64E+00 3.29E+00 1.57E+00 7.12E-01 3.10E-01 1.30E-01 5.18E-02 1.99E-02 7.30E-03 2.57E-03 8.69E-04 2.81E-04 8.74E-05 
   3.25  0.466  6.87E+03 1.11E+04 1.11E+04 4.21E+02 7.95E+02 1.08E+03 1.26E+03 1.33E+03 1.29E+03 1.17E+03 1.00E+03 8.11E+02 6.24E+02 4.58E+02 3.21E+02 2.15E+02 1.37E+02 8.41E+01 4.93E+01 2.77E+01 1.50E+01 7.73E+00 3.84E+00 1.83E+00 8.35E-01 3.67E-01 1.55E-01 6.26E-02 2.44E-02 9.10E-03 3.27E-03 1.13E-03 3.74E-04 
   3.50  0.565  1.12E+04 1.73E+04 1.73E+04 6.22E+02 1.18E+03 1.61E+03 1.89E+03 2.01E+03 1.97E+03 1.81E+03 1.57E+03 1.30E+03 1.02E+03 7.63E+02 5.46E+02 3.75E+02 2.46E+02 1.55E+02 9.40E+01 5.46E+01 3.05E+01 1.64E+01 8.44E+00 4.19E+00 2.00E+00 9.18E-01 4.05E-01 1.72E-01 7.06E-02 2.78E-02 1.05E-02 3.85E-03 1.36E-03 
   3.75  0.565  1.79E+04 2.69E+04 2.69E+04 9.21E+02 1.75E+03 2.40E+03 2.84E+03 3.03E+03 3.01E+03 2.80E+03 2.46E+03 2.06E+03 1.65E+03 1.26E+03 9.20E+02 6.45E+02 4.35E+02 2.81E+02 1.75E+02 1.05E+02 6.04E+01 3.35E+01 1.79E+01 9.21E+00 4.57E+00 2.19E+00 1.01E+00 4.48E-01 1.92E-01 7.93E-02 3.16E-02 1.22E-02 4.51E-03 
   4.00  0.565  2.84E+04 4.19E+04 4.19E+04 1.37E+03 2.60E+03 3.59E+03 4.26E+03 4.59E+03 4.59E+03 4.32E+03 3.85E+03 3.27E+03 2.65E+03 2.06E+03 1.53E+03 1.10E+03 7.56E+02 5.01E+02 3.20E+02 1.97E+02 1.17E+02 6.66E+01 3.68E+01 1.96E+01 1.01E+01 4.99E+00 2.39E+00 1.11E+00 4.94E-01 2.13E-01 8.88E-02 3.58E-02 1.39E-02 
   4.25  0.565  4.47E+04 6.52E+04 6.52E+04 2.03E+03 3.87E+03 5.37E+03 6.41E+03 6.94E+03 7.00E+03 6.65E+03 5.99E+03 5.15E+03 4.24E+03 3.34E+03 2.53E+03 1.85E+03 1.30E+03 8.79E+02 5.74E+02 3.62E+02 2.20E+02 1.29E+02 7.35E+01 4.03E+01 2.14E+01 1.10E+01 5.44E+00 2.61E+00 1.21E+00 5.44E-01 2.36E-01 9.93E-02 4.04E-02 
   4.50  0.565  7.00E+04 1.01E+05 1.01E+05 3.02E+03 5.78E+03 8.04E+03 9.64E+03 1.05E+04 1.07E+04 1.02E+04 9.32E+03 8.10E+03 6.75E+03 5.40E+03 4.16E+03 3.09E+03 2.21E+03 1.52E+03 1.02E+03 6.55E+02 4.08E+02 2.46E+02 1.44E+02 8.10E+01 4.42E+01 2.34E+01 1.20E+01 5.94E+00 2.85E+00 1.33E+00 5.99E-01 2.61E-01 1.11E-01 
   4.75  0.565  1.09E+05 1.58E+05 1.58E+05 4.51E+03 8.64E+03 1.20E+04 1.45E+04 1.59E+04 1.63E+04 1.57E+04 1.45E+04 1.27E+04 1.07E+04 8.68E+03 6.78E+03 5.11E+03 3.72E+03 2.62E+03 1.78E+03 1.17E+03 7.45E+02 4.60E+02 2.75E+02 1.59E+02 8.92E+01 4.85E+01 2.56E+01 1.31E+01 6.48E+00 3.12E+00 1.45E+00 6.58E-01 2.89E-01 
   5.00  0.565  1.71E+05 2.45E+05 2.45E+05 6.75E+03 1.29E+04 1.81E+04 2.19E+04 2.41E+04 2.49E+04 2.42E+04 2.24E+04 1.99E+04 1.70E+04 1.39E+04 1.10E+04 8.42E+03 6.22E+03 4.45E+03 3.08E+03 2.07E+03 1.34E+03 8.45E+02 5.17E+02 3.06E+02 1.76E+02 9.82E+01 5.32E+01 2.80E+01 1.43E+01 7.08E+00 3.41E+00 1.60E+00 7.25E-01 
   5.50  0.565  4.69E+05 5.96E+05 5.96E+05 1.52E+04 2.92E+04 4.11E+04 5.01E+04 5.57E+04 5.80E+04 5.72E+04 5.39E+04 4.86E+04 4.23E+04 3.54E+04 2.87E+04 2.25E+04 1.71E+04 1.26E+04 9.00E+03 6.24E+03 4.20E+03 2.75E+03 1.75E+03 1.08E+03 6.49E+02 3.79E+02 2.16E+02 1.19E+02 6.41E+01 3.36E+01 1.71E+01 8.47E+00 4.09E+00 
   6.00  0.565  1.19E+06 1.45E+06 1.45E+06 3.44E+04 6.64E+04 9.37E+04 1.15E+05 1.29E+05 1.35E+05 1.35E+05 1.29E+05 1.18E+05 1.04E+05 8.92E+04 7.37E+04 5.91E+04 4.60E+04 3.47E+04 2.55E+04 1.82E+04 1.27E+04 8.55E+03 5.63E+03 3.61E+03 2.25E+03 1.37E+03 8.11E+02 4.68E+02 2.63E+02 1.44E+02 7.72E+01 4.02E+01 2.05E+01 
   6.50  0.565  2.94E+06 3.51E+06 3.51E+06 7.82E+04 1.51E+05 2.14E+05 2.64E+05 2.98E+05 3.16E+05 3.18E+05 3.07E+05 2.85E+05 2.56E+05 2.22E+05 1.87E+05 1.53E+05 1.21E+05 9.38E+04 7.05E+04 5.17E+04 3.69E+04 2.56E+04 1.74E+04 1.15E+04 7.42E+03 4.67E+03 2.87E+03 1.72E+03 1.01E+03 5.75E+02 3.20E+02 1.75E+02 9.28E+01 
   7.00  0.565  7.19E+06 8.50E+06 8.50E+06 1.78E+05 3.45E+05 4.91E+05 6.08E+05 6.91E+05 7.38E+05 7.50E+05 7.31E+05 6.87E+05 6.24E+05 5.50E+05 4.70E+05 3.91E+05 3.16E+05 2.49E+05 1.91E+05 1.43E+05 1.05E+05 7.46E+04 5.19E+04 3.53E+04 2.35E+04 1.52E+04 9.65E+03 5.98E+03 3.62E+03 2.15E+03 1.24E+03 7.03E+02 3.89E+02 
   7.50  0.565  1.75E+07 2.06E+07 2.06E+07 4.08E+05 7.92E+05 1.13E+06 1.40E+06 1.60E+06 1.72E+06 1.77E+06 1.74E+06 1.65E+06 1.52E+06 1.35E+06 1.17E+06 9.88E+05 8.13E+05 6.52E+05 5.10E+05 3.89E+05 2.91E+05 2.12E+05 1.51E+05 1.05E+05 7.17E+04 4.78E+04 3.12E+04 1.99E+04 1.24E+04 7.60E+03 4.55E+03 2.66E+03 1.53E+03 
   8.00  0.565  4.24E+07 4.99E+07 4.99E+07 9.36E+05 1.82E+06 2.60E+06 3.25E+06 3.73E+06 4.03E+06 4.16E+06 4.12E+06 3.95E+06 3.67E+06 3.31E+06 2.90E+06 2.48E+06 2.07E+06 1.69E+06 1.34E+06 1.04E+06 7.92E+05 5.89E+05 4.29E+05 3.06E+05 2.13E+05 1.46E+05 9.74E+04 6.38E+04 4.09E+04 2.57E+04 1.59E+04 9.58E+03 5.67E+03 
   8.50  0.565  1.03E+08 1.21E+08 1.21E+08 2.15E+06 4.19E+06 6.01E+06 7.52E+06 8.67E+06 9.43E+06 9.78E+06 9.77E+06 9.44E+06 8.84E+06 8.05E+06 7.15E+06 6.19E+06 5.23E+06 4.32E+06 3.48E+06 2.75E+06 2.13E+06 1.61E+06 1.20E+06 8.68E+05 6.18E+05 4.32E+05 2.95E+05 1.98E+05 1.30E+05 8.41E+04 5.32E+04 3.30E+04 2.01E+04 
   9.00  0.565  2.49E+08 2.92E+08 2.92E+08 4.96E+06 9.66E+06 1.39E+07 1.74E+07 2.02E+07 2.21E+07 2.30E+07 2.31E+07 2.25E+07 2.13E+07 1.96E+07 1.75E+07 1.53E+07 1.31E+07 1.10E+07 8.97E+06 7.19E+06 5.64E+06 4.34E+06 3.28E+06 2.42E+06 1.76E+06 1.25E+06 8.73E+05 5.99E+05 4.03E+05 2.66E+05 1.72E+05 1.10E+05 6.85E+04 
   9.50  0.565  6.03E+08 7.07E+08 7.07E+08 1.14E+07 2.23E+07 3.22E+07 4.05E+07 4.70E+07 5.16E+07 5.42E+07 5.48E+07 5.36E+07 5.10E+07 4.73E+07 4.28E+07 3.78E+07 3.27E+07 2.76E+07 2.29E+07 1.86E+07 1.48E+07 1.16E+07 8.85E+06 6.65E+06 4.91E+06 3.56E+06 2.53E+06 1.77E+06 1.21E+06 8.18E+05 5.42E+05 3.53E+05 2.25E+05 
  10.00  0.565  1.46E+09 1.71E+09 1.71E+09 2.64E+07 5.17E+07 7.45E+07 9.41E+07 1.10E+08 1.21E+08 1.27E+08 1.30E+08 1.28E+08 1.22E+08 1.14E+08 1.04E+08 9.29E+07 8.10E+07 6.93E+07 5.80E+07 4.77E+07 3.84E+07 3.04E+07 2.36E+07 1.80E+07 1.35E+07 9.94E+06 7.19E+06 5.11E+06 3.58E+06 2.46E+06 1.66E+06 1.10E+06 7.20E+05 
  11.00  0.565  1.15E+10 1.01E+10 1.01E+10 1.43E+08 2.80E+08 4.05E+08 5.14E+08 6.03E+08 6.68E+08 7.10E+08 7.29E+08 7.26E+08 7.04E+08 6.67E+08 6.17E+08 5.59E+08 4.96E+08 4.32E+08 3.69E+08 3.09E+08 2.55E+08 2.07E+08 1.64E+08 1.29E+08 9.91E+07 7.51E+07 5.60E+07 4.11E+07 2.96E+07 2.11E+07 1.47E+07 1.01E+07 6.88E+06 
  12.00  0.565  7.08E+10 5.92E+10 5.92E+10 7.79E+08 1.53E+09 2.22E+09 2.82E+09 3.32E+09 3.71E+09 3.97E+09 4.11E+09 4.13E+09 4.05E+09 3.87E+09 3.63E+09 3.33E+09 3.00E+09 2.65E+09 2.30E+09 1.97E+09 1.65E+09 1.36E+09 1.11E+09 8.88E+08 7.00E+08 5.43E+08 4.15E+08 3.13E+08 2.32E+08 1.70E+08 1.22E+08 8.67E+07 6.07E+07 
  13.00  0.565  4.19E+11 3.48E+11 3.48E+11 4.26E+09 8.36E+09 1.22E+10 1.55E+10 1.84E+10 2.06E+10 2.22E+10 2.31E+10 2.34E+10 2.32E+10 2.24E+10 2.12E+10 1.97E+10 1.79E+10 1.61E+10 1.42E+10 1.23E+10 1.05E+10 8.81E+09 7.30E+09 5.95E+09 4.78E+09 3.79E+09 2.96E+09 2.28E+09 1.73E+09 1.30E+09 9.59E+08 6.99E+08 5.03E+08 
  14.00  0.565  2.46E+12 2.04E+12 2.04E+12 2.34E+10 4.59E+10 6.69E+10 8.57E+10 1.02E+11 1.15E+11 1.24E+11 1.30E+11 1.33E+11 1.32E+11 1.29E+11 1.23E+11 1.15E+11 1.06E+11 9.65E+10 8.61E+10 7.56E+10 6.55E+10 5.59E+10 4.70E+10 3.89E+10 3.19E+10 2.57E+10 2.05E+10 1.61E+10 1.25E+10 9.54E+09 7.21E+09 5.37E+09 3.96E+09 
  15.00  0.565  1.44E+13 1.19E+13 1.19E+13 1.28E+11 2.53E+11 3.69E+11 4.74E+11 5.64E+11 6.38E+11 6.93E+11 7.31E+11 7.50E+11 7.52E+11 7.38E+11 7.11E+11 6.73E+11 6.27E+11 5.74E+11 5.18E+11 4.60E+11 4.03E+11 3.49E+11 2.97E+11 2.50E+11 2.08E+11 1.70E+11 1.38E+11 1.10E+11 8.69E+10 6.78E+10 5.22E+10 3.97E+10 2.99E+10 
  16.00  0.565  8.45E+13 7.01E+13 7.01E+13 7.10E+11 1.40E+12 2.05E+12 2.63E+12 3.14E+12 3.57E+12 3.89E+12 4.12E+12 4.25E+12 4.29E+12 4.24E+12 4.11E+12 3.92E+12 3.68E+12 3.40E+12 3.10E+12 2.79E+12 2.47E+12 2.16E+12 1.86E+12 1.59E+12 1.33E+12 1.11E+12 9.11E+11 7.40E+11 5.93E+11 4.70E+11 3.69E+11 2.86E+11 2.19E+11 
  17.00  0.565  4.97E+14 4.13E+14 4.13E+14 3.96E+12 7.80E+12 1.14E+13 1.47E+13 1.76E+13 2.00E+13 2.20E+13 2.34E+13 2.42E+13 2.46E+13 2.44E+13 2.38E+13 2.29E+13 2.17E+13 2.02E+13 1.85E+13 1.68E+13 1.50E+13 1.33E+13 1.16E+13 9.98E+12 8.50E+12 7.16E+12 5.95E+12 4.90E+12 3.99E+12 3.21E+12 2.55E+12 2.01E+12 1.56E+12 
  18.00  0.565  2.92E+15 2.43E+15 2.43E+15 2.21E+13 4.35E+13 6.38E+13 8.24E+13 9.88E+13 1.13E+14 1.24E+14 1.32E+14 1.38E+14 1.40E+14 1.40E+14 1.38E+14 1.33E+14 1.27E+14 1.19E+14 1.10E+14 1.01E+14 9.08E+13 8.10E+13 7.13E+13 6.21E+13 5.35E+13 4.55E+13 3.83E+13 3.19E+13 2.63E+13 2.14E+13 1.73E+13 1.38E+13 1.09E+13 
  19.00  0.565  1.72E+16 1.42E+16 1.42E+16 1.23E+14 2.43E+14 3.57E+14 4.61E+14 5.54E+14 6.34E+14 6.99E+14 7.49E+14 7.83E+14 8.01E+14 8.04E+14 7.94E+14 7.71E+14 7.39E+14 6.98E+14 6.51E+14 5.99E+14 5.45E+14 4.90E+14 4.35E+14 3.83E+14 3.32E+14 2.86E+14 2.43E+14 2.05E+14 1.71E+14 1.41E+14 1.15E+14 9.30E+13 7.45E+13 
  20.00  0.565  1.01E+17 8.34E+16 8.34E+16 6.87E+14 1.36E+15 1.99E+15 2.58E+15 3.11E+15 3.57E+15 3.94E+15 4.23E+15 4.44E+15 4.56E+15 4.60E+15 4.56E+15 4.46E+15 4.29E+15 4.08E+15 3.83E+15 3.55E+15 3.25E+15 2.94E+15 2.64E+15 2.34E+15 2.05E+15 1.78E+15 1.53E+15 1.30E+15 1.09E+15 9.12E+14 7.53E+14 6.16E+14 4.99E+14 
  22.50  0.565  1.75E+19 6.97E+18 6.97E+18 5.15E+16 1.02E+17 1.50E+17 1.95E+17 2.35E+17 2.71E+17 3.02E+17 3.26E+17 3.44E+17 3.57E+17 3.63E+17 3.64E+17 3.59E+17 3.50E+17 3.37E+17 3.20E+17 3.01E+17 2.80E+17 2.58E+17 2.35E+17 2.12E+17 1.89E+17 1.67E+17 1.47E+17 1.28E+17 1.10E+17 9.37E+16 7.93E+16 6.65E+16 5.53E+16 
  25.00  0.565  1.47E+21 5.82E+20 5.82E+20 3.89E+18 7.70E+18 1.14E+19 1.48E+19 1.79E+19 2.07E+19 2.32E+19 2.52E+19 2.68E+19 2.79E+19 2.86E+19 2.89E+19 2.88E+19 2.83E+19 2.75E+19 2.65E+19 2.52E+19 2.37E+19 2.21E+19 2.04E+19 1.87E+19 1.69E+19 1.52E+19 1.36E+19 1.20E+19 1.05E+19 9.14E+18 7.89E+18 6.75E+18 5.73E+18 
  30.00  0.565  2.03E+25 4.06E+24 4.06E+24 2.28E+22 4.52E+22 6.69E+22 8.74E+22 1.07E+23 1.24E+23 1.39E+23 1.53E+23 1.64E+23 1.73E+23 1.79E+23 1.83E+23 1.85E+23 1.84E+23 1.82E+23 1.78E+23 1.72E+23 1.65E+23 1.57E+23 1.48E+23 1.39E+23 1.29E+23 1.18E+23 1.08E+23 9.83E+22 8.85E+22 7.92E+22 7.03E+22 6.20E+22 5.43E+22 
