0.0
5.969
54.2391
82.4707
137.729
171.0738
180.467
190.9021
260.6625
263.7876
286.96
295.085
296.8
329.774
348.257
371.985
373.092
375.3
377.806
379.547
384.23
416.086
423.651
426.025
430.031
431.239
453.771
464.501
470.841
475.680
481.846
514.362
521.982
529.816
543.672
547.934
557.65
558.571
562.890
567.624
577.208
588.083
592.501
595.726
597.015
598.448
605.047
628.418
634.314
638.235
644.29
651.5
654.818
657.995
659.01
662.169
668.005
671.749
683.805
693.388
693.638
701.5
704.962
715.4
721.98
723.239
725.68
732.513
736.430
742.02
757.707
760.345
769.78
771.94
774.522
788.618
792.789
801
806.56
807.011
815.139
819.06
824.62
832.197
837.717
848.46
856
858.1
860.7
868.24
870.13
876.37
878.6
881.040
883.94
885.371
891.134
895.5
902.2
905.544
910.49
915
925.21
935.12
942.524
945.86
947.1
951.1
953.4
961.08
976.1
978.55
979.8
985.20
996.8
1004.84
1006
1010.68
1016.23
1019.2
1023.3
1026.1
1028.7
1029.0
1030.38
1035.8
1036.2
1038.4
1045.7
1054.87
1060.5
1062.7
1066
1077.2
1086.4
1090.7
1093.7
1097.45
1114.67
1118.7
1121.41
1131.0
1134.97
1137.79
1141.3
1146
1146.7
1153.0
1154.84
1158.5
1161.35
1168.4
1174.9
1190.13
1199.4
1202.11
1208.61
1214.93
1217.2
1221.61
1226.9
1230.04
1234.86
1240.70
1244.24
1248.19
1252.65
1256.87
1263.84
1271.44
1272.0
1280.7
1289.29
1293.79
1298.45
1301.07
1304.81
1310.54
1318.0
1322.0
1327.55
1332.1
1334.5
1338.75
1343.06
1349.93
1355.02
1358.8
1362.73
1367.31
1371.4
1376.81
1380.15
1387.75
1391.93
1396.77
1401.77
1405.8
1415.80
1421.48
1429.80
1433.64
1440
1448.92
1458.8
1461.6
1463.91
1467.3
1471.7
1474.4
1478.49
1487.15
1494.59
1498.1
1505.5
1510.60
1521.2
1526.86
1532.12
1537.62
1540.9
1544.4
1547.49
1552.95
1558.90
1560
1561.0
1566.5
1570.75
1576.89
1588.79
1592.47
1599.98
1603.81
1606.25
1614.0
1616.0
1620.3
1628.1
1629.9
1635.51
1638.97
1644.49
1655.0
1657.5
1661.57
1666.15
1671.64
1676.69
1681.2
1683.5
1687.3
1692
1695.01
1704.31
1710.6
1713.24
1716.65
1723.8
1731.10
1742.26
1752.4
1756.8
1759.6
1763.59
1769.46
1776.76
1785.5
1788
1794.18
1798.5
1805.5
1816.98
1823.86
1829.53
1834
1835.60
1838.6
1842.99
1851.1
1854.98
1859.34
1864.8
1870.3
1876.86
1882.99
1890.85
1895.28
1898.96
1907.67
1914.0
1916.3
1919.32
1928.17
1933.09
1938.88
1945.97
1950.87
1954.3
1957.52
1960.67
1969.8
1972.9
1975.5
1978.33
1985.98
1995.37
1998
1998.94
2004.89
2010.77
2015.07
2017.6
2023.0
2025.63
2029.8
2032.02
2037.44
2040.4
2051.3
2054.4
2056.7
2058.7
2062.1
2065.20
2072.60
2075.3
2077.72
2087.76
2090.96
2094.4
2098.37
2103.7
2105.7
2109.2
2111.7
2115.82
2118.7
2122.5
2127.47
2131.19
2137.2
2139.3
2145.43
2148.5
2151.68
2157.34
2161.1
2163.80
2167.7
2169.8
2172.1
2180.0
2182.92
2193.20
