   0.25  0.320  1.59E+01 6.36E+01 6.36E+01 1.55E+00 4.44E+00 6.70E+00 8.09E+00 8.55E+00 8.17E+00 7.19E+00 5.88E+00 4.50E+00 3.23E+00 2.18E+00 1.39E+00 8.40E-01 4.79E-01 2.58E-01 1.32E-01 6.41E-02 2.95E-02 1.29E-02 5.33E-03 2.10E-03 7.83E-04 2.78E-04 9.38E-05 3.01E-05 9.16E-06 2.65E-06 7.30E-07 1.91E-07 4.75E-08 
   0.50  0.513  4.34E+01 1.10E+02 1.10E+02 2.63E+00 7.52E+00 1.14E+01 1.38E+01 1.46E+01 1.41E+01 1.25E+01 1.03E+01 7.94E+00 5.76E+00 3.94E+00 2.54E+00 1.55E+00 8.99E-01 4.93E-01 2.57E-01 1.27E-01 5.94E-02 2.65E-02 1.12E-02 4.51E-03 1.73E-03 6.28E-04 2.17E-04 7.16E-05 2.25E-05 6.70E-06 1.90E-06 5.14E-07 1.32E-07 
   0.75  0.414  9.17E+01 1.93E+02 1.93E+02 4.50E+00 1.29E+01 1.96E+01 2.38E+01 2.54E+01 2.45E+01 2.19E+01 1.82E+01 1.41E+01 1.04E+01 7.16E+00 4.68E+00 2.90E+00 1.70E+00 9.47E-01 5.01E-01 2.52E-01 1.20E-01 5.46E-02 2.36E-02 9.71E-03 3.80E-03 1.42E-03 5.03E-04 1.70E-04 5.48E-05 1.68E-05 4.92E-06 1.37E-06 3.64E-07 
   1.00  0.499  1.73E+02 3.24E+02 3.24E+02 7.39E+00 2.12E+01 3.22E+01 3.93E+01 4.20E+01 4.08E+01 3.67E+01 3.07E+01 2.41E+01 1.78E+01 1.24E+01 8.23E+00 5.16E+00 3.07E+00 1.73E+00 9.31E-01 4.76E-01 2.31E-01 1.07E-01 4.72E-02 1.98E-02 7.93E-03 3.03E-03 1.10E-03 3.81E-04 1.26E-04 3.97E-05 1.20E-05 3.43E-06 9.38E-07 
   1.25  0.670  2.91E+02 4.71E+02 4.71E+02 1.05E+01 3.02E+01 4.60E+01 5.62E+01 6.04E+01 5.90E+01 5.33E+01 4.49E+01 3.55E+01 2.65E+01 1.87E+01 1.25E+01 7.93E+00 4.78E+00 2.74E+00 1.49E+00 7.75E-01 3.83E-01 1.81E-01 8.12E-02 3.48E-02 1.42E-02 5.54E-03 2.06E-03 7.32E-04 2.48E-04 8.02E-05 2.48E-05 7.31E-06 2.06E-06 
   1.50  0.527  4.86E+02 7.83E+02 7.83E+02 1.71E+01 4.91E+01 7.49E+01 9.20E+01 9.92E+01 9.73E+01 8.84E+01 7.50E+01 5.98E+01 4.50E+01 3.21E+01 2.17E+01 1.39E+01 8.48E+00 4.92E+00 2.72E+00 1.43E+00 7.21E-01 3.46E-01 1.58E-01 6.91E-02 2.88E-02 1.15E-02 4.36E-03 1.58E-03 5.50E-04 1.82E-04 5.78E-05 1.75E-05 5.07E-06 
   1.75  0.470  8.31E+02 1.38E+03 1.38E+03 2.95E+01 8.48E+01 1.30E+02 1.60E+02 1.73E+02 1.70E+02 1.56E+02 1.33E+02 1.07E+02 8.10E+01 5.82E+01 3.97E+01 2.58E+01 1.59E+01 9.35E+00 5.24E+00 2.81E+00 1.43E+00 6.98E-01 3.25E-01 1.44E-01 6.14E-02 2.49E-02 9.69E-03 3.60E-03 1.28E-03 4.34E-04 1.41E-04 4.38E-05 1.30E-05 
   2.00  0.469  1.39E+03 2.25E+03 2.25E+03 4.71E+01 1.36E+02 2.08E+02 2.56E+02 2.78E+02 2.76E+02 2.53E+02 2.17E+02 1.76E+02 1.34E+02 9.75E+01 6.72E+01 4.40E+01 2.75E+01 1.64E+01 9.30E+00 5.05E+00 2.61E+00 1.29E+00 6.13E-01 2.77E-01 1.20E-01 4.97E-02 1.97E-02 7.47E-03 2.71E-03 9.42E-04 3.13E-04 9.98E-05 3.04E-05 
   2.25  0.511  2.27E+03 3.52E+03 3.52E+03 7.22E+01 2.08E+02 3.19E+02 3.95E+02 4.30E+02 4.28E+02 3.95E+02 3.41E+02 2.78E+02 2.14E+02 1.57E+02 1.09E+02 7.21E+01 4.55E+01 2.74E+01 1.58E+01 8.67E+00 4.56E+00 2.29E+00 1.10E+00 5.07E-01 2.23E-01 9.42E-02 3.81E-02 1.47E-02 5.46E-03 1.94E-03 6.60E-04 2.15E-04 6.72E-05 
   2.50  0.549  3.69E+03 5.68E+03 5.68E+03 1.14E+02 3.30E+02 5.07E+02 6.28E+02 6.87E+02 6.86E+02 6.35E+02 5.52E+02 4.53E+02 3.51E+02 2.59E+02 1.82E+02 1.22E+02 7.75E+01 4.73E+01 2.75E+01 1.53E+01 8.17E+00 4.16E+00 2.03E+00 9.51E-01 4.26E-01 1.83E-01 7.54E-02 2.97E-02 1.12E-02 4.08E-03 1.42E-03 4.73E-04 1.51E-04 
   2.75  0.495  6.13E+03 9.76E+03 9.76E+03 1.93E+02 5.56E+02 8.56E+02 1.06E+03 1.17E+03 1.17E+03 1.09E+03 9.51E+02 7.85E+02 6.14E+02 4.56E+02 3.23E+02 2.18E+02 1.40E+02 8.64E+01 5.09E+01 2.87E+01 1.55E+01 8.02E+00 3.97E+00 1.89E+00 8.60E-01 3.76E-01 1.57E-01 6.33E-02 2.44E-02 9.03E-03 3.21E-03 1.09E-03 3.58E-04 
   3.00  0.474  1.00E+04 1.56E+04 1.56E+04 3.02E+02 8.72E+02 1.34E+03 1.67E+03 1.84E+03 1.85E+03 1.73E+03 1.52E+03 1.26E+03 9.94E+02 7.44E+02 5.31E+02 3.62E+02 2.35E+02 1.46E+02 8.73E+01 4.98E+01 2.72E+01 1.43E+01 7.18E+00 3.46E+00 1.60E+00 7.11E-01 3.03E-01 1.24E-01 4.87E-02 1.84E-02 6.67E-03 2.32E-03 7.76E-04 
   3.25  0.555  1.61E+04 2.43E+04 2.43E+04 4.62E+02 1.34E+03 2.06E+03 2.57E+03 2.84E+03 2.87E+03 2.69E+03 2.38E+03 1.98E+03 1.57E+03 1.19E+03 8.52E+02 5.85E+02 3.85E+02 2.42E+02 1.46E+02 8.41E+01 4.65E+01 2.47E+01 1.26E+01 6.16E+00 2.90E+00 1.31E+00 5.66E-01 2.36E-01 9.43E-02 3.63E-02 1.34E-02 4.76E-03 1.62E-03 
   3.50  0.571  2.55E+04 3.74E+04 3.74E+04 7.00E+02 2.02E+03 3.13E+03 3.91E+03 4.33E+03 4.38E+03 4.13E+03 3.67E+03 3.08E+03 2.45E+03 1.86E+03 1.35E+03 9.35E+02 6.20E+02 3.93E+02 2.39E+02 1.40E+02 7.83E+01 4.21E+01 2.17E+01 1.08E+01 5.14E+00 2.36E+00 1.04E+00 4.39E-01 1.79E-01 7.00E-02 2.63E-02 9.54E-03 3.32E-03 
   3.75  0.584  3.97E+04 5.71E+04 5.71E+04 1.05E+03 3.03E+03 4.69E+03 5.88E+03 6.52E+03 6.63E+03 6.28E+03 5.60E+03 4.72E+03 3.79E+03 2.90E+03 2.11E+03 1.48E+03 9.87E+02 6.32E+02 3.89E+02 2.29E+02 1.30E+02 7.07E+01 3.70E+01 1.86E+01 8.99E+00 4.18E+00 1.87E+00 8.04E-01 3.33E-01 1.33E-01 5.08E-02 1.88E-02 6.66E-03 
   4.00  0.598  6.13E+04 8.63E+04 8.63E+04 1.56E+03 4.50E+03 6.98E+03 8.76E+03 9.75E+03 9.94E+03 9.45E+03 8.46E+03 7.18E+03 5.79E+03 4.45E+03 3.27E+03 2.30E+03 1.55E+03 1.00E+03 6.24E+02 3.72E+02 2.13E+02 1.17E+02 6.21E+01 3.16E+01 1.55E+01 7.31E+00 3.32E+00 1.45E+00 6.10E-01 2.47E-01 9.63E-02 3.62E-02 1.31E-02 
   4.25  0.611  9.36E+04 1.29E+05 1.29E+05 2.29E+03 6.63E+03 1.03E+04 1.29E+04 1.44E+04 1.48E+04 1.41E+04 1.27E+04 1.08E+04 8.76E+03 6.78E+03 5.02E+03 3.56E+03 2.42E+03 1.58E+03 9.89E+02 5.96E+02 3.45E+02 1.92E+02 1.03E+02 5.31E+01 2.63E+01 1.26E+01 5.80E+00 2.57E+00 1.10E+00 4.52E-01 1.79E-01 6.86E-02 2.53E-02 
   4.50  0.624  1.42E+05 1.92E+05 1.92E+05 3.34E+03 9.69E+03 1.51E+04 1.90E+04 2.12E+04 2.18E+04 2.08E+04 1.88E+04 1.61E+04 1.31E+04 1.02E+04 7.63E+03 5.45E+03 3.73E+03 2.46E+03 1.55E+03 9.44E+02 5.52E+02 3.11E+02 1.68E+02 8.79E+01 4.42E+01 2.14E+01 1.00E+01 4.50E+00 1.95E+00 8.16E-01 3.29E-01 1.28E-01 4.80E-02 
   4.75  0.636  2.12E+05 2.83E+05 2.83E+05 4.85E+03 1.40E+04 2.19E+04 2.76E+04 3.09E+04 3.18E+04 3.06E+04 2.77E+04 2.39E+04 1.96E+04 1.53E+04 1.15E+04 8.26E+03 5.70E+03 3.78E+03 2.41E+03 1.48E+03 8.75E+02 4.98E+02 2.73E+02 1.44E+02 7.33E+01 3.60E+01 1.70E+01 7.77E+00 3.42E+00 1.45E+00 5.94E-01 2.35E-01 8.96E-02 
   5.00  0.648  3.16E+05 4.14E+05 4.14E+05 6.97E+03 2.02E+04 3.15E+04 3.98E+04 4.47E+04 4.62E+04 4.45E+04 4.05E+04 3.50E+04 2.89E+04 2.27E+04 1.72E+04 1.24E+04 8.64E+03 5.78E+03 3.72E+03 2.30E+03 1.37E+03 7.89E+02 4.37E+02 2.33E+02 1.20E+02 5.97E+01 2.86E+01 1.32E+01 5.91E+00 2.55E+00 1.06E+00 4.25E-01 1.65E-01 
   5.50  0.660  7.49E+05 8.67E+05 8.67E+05 1.42E+04 4.11E+04 6.42E+04 8.14E+04 9.18E+04 9.53E+04 9.25E+04 8.48E+04 7.39E+04 6.15E+04 4.90E+04 3.74E+04 2.74E+04 1.93E+04 1.31E+04 8.58E+03 5.41E+03 3.28E+03 1.92E+03 1.09E+03 5.94E+02 3.13E+02 1.59E+02 7.81E+01 3.71E+01 1.70E+01 7.53E+00 3.23E+00 1.33E+00 5.34E-01 
   6.00  0.683  1.64E+06 1.78E+06 1.78E+06 2.81E+04 8.17E+04 1.28E+05 1.63E+05 1.84E+05 1.92E+05 1.88E+05 1.73E+05 1.52E+05 1.28E+05 1.03E+05 7.94E+04 5.89E+04 4.21E+04 2.90E+04 1.92E+04 1.23E+04 7.61E+03 4.54E+03 2.62E+03 1.46E+03 7.84E+02 4.07E+02 2.05E+02 9.96E+01 4.68E+01 2.13E+01 9.37E+00 3.99E+00 1.64E+00 
   6.50  0.711  3.42E+06 3.56E+06 3.56E+06 5.47E+04 1.59E+05 2.49E+05 3.18E+05 3.62E+05 3.79E+05 3.72E+05 3.46E+05 3.07E+05 2.60E+05 2.11E+05 1.64E+05 1.23E+05 8.93E+04 6.23E+04 4.19E+04 2.73E+04 1.71E+04 1.04E+04 6.09E+03 3.46E+03 1.90E+03 1.01E+03 5.18E+02 2.58E+02 1.24E+02 5.78E+01 2.61E+01 1.14E+01 4.83E+00 
   7.00  0.732  6.92E+06 7.00E+06 7.00E+06 1.04E+05 3.04E+05 4.77E+05 6.11E+05 6.97E+05 7.33E+05 7.24E+05 6.77E+05 6.04E+05 5.16E+05 4.22E+05 3.33E+05 2.53E+05 1.85E+05 1.31E+05 8.91E+04 5.87E+04 3.74E+04 2.31E+04 1.38E+04 7.96E+03 4.45E+03 2.41E+03 1.26E+03 6.42E+02 3.16E+02 1.51E+02 6.98E+01 3.13E+01 1.36E+01 
   7.50  0.753  1.37E+07 1.35E+07 1.35E+07 1.96E+05 5.70E+05 8.97E+05 1.15E+06 1.32E+06 1.39E+06 1.38E+06 1.30E+06 1.17E+06 1.00E+06 8.29E+05 6.59E+05 5.05E+05 3.74E+05 2.67E+05 1.85E+05 1.23E+05 7.98E+04 5.00E+04 3.03E+04 1.78E+04 1.01E+04 5.59E+03 2.99E+03 1.55E+03 7.79E+02 3.80E+02 1.80E+02 8.25E+01 3.67E+01 
   8.00  0.773  2.65E+07 2.56E+07 2.56E+07 3.61E+05 1.05E+06 1.66E+06 2.13E+06 2.45E+06 2.60E+06 2.59E+06 2.45E+06 2.21E+06 1.92E+06 1.60E+06 1.28E+06 9.92E+05 7.41E+05 5.36E+05 3.75E+05 2.53E+05 1.66E+05 1.06E+05 6.50E+04 3.88E+04 2.24E+04 1.26E+04 6.86E+03 3.63E+03 1.86E+03 9.27E+02 4.48E+02 2.10E+02 9.57E+01 
   8.50  0.793  5.03E+07 4.77E+07 4.77E+07 6.55E+05 1.91E+06 3.01E+06 3.89E+06 4.47E+06 4.77E+06 4.77E+06 4.54E+06 4.13E+06 3.60E+06 3.02E+06 2.44E+06 1.91E+06 1.44E+06 1.05E+06 7.44E+05 5.10E+05 3.39E+05 2.18E+05 1.36E+05 8.25E+04 4.85E+04 2.77E+04 1.53E+04 8.26E+03 4.32E+03 2.19E+03 1.08E+03 5.18E+02 2.41E+02 
   9.00  0.812  9.42E+07 8.77E+07 8.77E+07 1.17E+06 3.42E+06 5.41E+06 6.99E+06 8.07E+06 8.62E+06 8.68E+06 8.30E+06 7.59E+06 6.66E+06 5.63E+06 4.59E+06 3.61E+06 2.75E+06 2.03E+06 1.45E+06 1.01E+06 6.76E+05 4.41E+05 2.79E+05 1.72E+05 1.02E+05 5.94E+04 3.35E+04 1.83E+04 9.75E+03 5.04E+03 2.54E+03 1.24E+03 5.89E+02 
   9.50  0.830  1.74E+08 1.59E+08 1.59E+08 2.07E+06 6.06E+06 9.58E+06 1.24E+07 1.44E+07 1.54E+07 1.56E+07 1.49E+07 1.37E+07 1.21E+07 1.03E+07 8.48E+06 6.73E+06 5.18E+06 3.86E+06 2.78E+06 1.95E+06 1.33E+06 8.75E+05 5.61E+05 3.50E+05 2.12E+05 1.25E+05 7.13E+04 3.97E+04 2.15E+04 1.13E+04 5.79E+03 2.89E+03 1.40E+03 
  10.00  0.848  3.16E+08 2.85E+08 2.85E+08 3.62E+06 1.06E+07 1.68E+07 2.17E+07 2.52E+07 2.71E+07 2.75E+07 2.66E+07 2.45E+07 2.18E+07 1.87E+07 1.54E+07 1.24E+07 9.58E+06 7.20E+06 5.25E+06 3.72E+06 2.55E+06 1.71E+06 1.11E+06 6.99E+05 4.29E+05 2.56E+05 1.49E+05 8.41E+04 4.63E+04 2.48E+04 1.29E+04 6.55E+03 3.23E+03 
  11.00  0.866  1.20E+09 8.80E+08 8.80E+08 1.07E+07 3.12E+07 4.96E+07 6.45E+07 7.53E+07 8.15E+07 8.32E+07 8.10E+07 7.56E+07 6.79E+07 5.88E+07 4.93E+07 4.00E+07 3.15E+07 2.41E+07 1.79E+07 1.29E+07 9.05E+06 6.18E+06 4.10E+06 2.65E+06 1.67E+06 1.02E+06 6.11E+05 3.55E+05 2.01E+05 1.11E+05 5.99E+04 3.14E+04 1.61E+04 
  12.00  0.900  3.81E+09 2.62E+09 2.62E+09 3.03E+07 8.88E+07 1.41E+08 1.84E+08 2.16E+08 2.35E+08 2.42E+08 2.37E+08 2.23E+08 2.02E+08 1.77E+08 1.50E+08 1.24E+08 9.89E+07 7.67E+07 5.79E+07 4.25E+07 3.04E+07 2.11E+07 1.43E+07 9.47E+06 6.10E+06 3.83E+06 2.34E+06 1.40E+06 8.16E+05 4.63E+05 2.57E+05 1.39E+05 7.33E+04 
  13.00  0.937  1.13E+10 7.49E+09 7.49E+09 8.30E+07 2.44E+08 3.88E+08 5.08E+08 5.98E+08 6.54E+08 6.77E+08 6.68E+08 6.34E+08 5.80E+08 5.13E+08 4.40E+08 3.67E+08 2.97E+08 2.33E+08 1.79E+08 1.33E+08 9.69E+07 6.87E+07 4.75E+07 3.20E+07 2.10E+07 1.35E+07 8.46E+06 5.17E+06 3.09E+06 1.80E+06 1.03E+06 5.71E+05 3.10E+05 
  14.00  0.968  3.20E+10 2.07E+10 2.07E+10 2.20E+08 6.46E+08 1.03E+09 1.36E+09 1.60E+09 1.76E+09 1.83E+09 1.82E+09 1.74E+09 1.60E+09 1.43E+09 1.24E+09 1.04E+09 8.55E+08 6.81E+08 5.29E+08 4.01E+08 2.96E+08 2.13E+08 1.50E+08 1.03E+08 6.90E+07 4.52E+07 2.89E+07 1.81E+07 1.10E+07 6.59E+06 3.85E+06 2.20E+06 1.23E+06 
  15.00  0.998  8.76E+10 5.55E+10 5.55E+10 5.67E+08 1.67E+09 2.67E+09 3.51E+09 4.16E+09 4.59E+09 4.80E+09 4.79E+09 4.61E+09 4.29E+09 3.86E+09 3.38E+09 2.87E+09 2.38E+09 1.92E+09 1.51E+09 1.16E+09 8.67E+08 6.34E+08 4.53E+08 3.16E+08 2.16E+08 1.44E+08 9.39E+07 5.99E+07 3.74E+07 2.28E+07 1.36E+07 7.96E+06 4.55E+06 
  16.00  1.027  2.32E+11 1.45E+11 1.45E+11 1.42E+09 4.18E+09 6.70E+09 8.84E+09 1.05E+10 1.16E+10 1.22E+10 1.23E+10 1.19E+10 1.11E+10 1.01E+10 8.92E+09 7.65E+09 6.40E+09 5.22E+09 4.15E+09 3.23E+09 2.45E+09 1.82E+09 1.32E+09 9.34E+08 6.48E+08 4.40E+08 2.92E+08 1.90E+08 1.21E+08 7.52E+07 4.59E+07 2.74E+07 1.60E+07 
  17.00  1.056  6.01E+11 3.68E+11 3.68E+11 3.48E+09 1.03E+10 1.65E+10 2.18E+10 2.59E+10 2.88E+10 3.04E+10 3.07E+10 2.99E+10 2.82E+10 2.58E+10 2.29E+10 1.98E+10 1.67E+10 1.38E+10 1.11E+10 8.72E+09 6.70E+09 5.03E+09 3.70E+09 2.66E+09 1.88E+09 1.29E+09 8.73E+08 5.77E+08 3.74E+08 2.37E+08 1.48E+08 9.00E+07 5.37E+07 
  18.00  1.087  1.52E+12 9.15E+11 9.15E+11 8.35E+09 2.46E+10 3.95E+10 5.24E+10 6.26E+10 6.98E+10 7.39E+10 7.51E+10 7.35E+10 6.97E+10 6.41E+10 5.74E+10 5.01E+10 4.27E+10 3.55E+10 2.88E+10 2.29E+10 1.78E+10 1.35E+10 1.01E+10 7.35E+09 5.25E+09 3.67E+09 2.52E+09 1.69E+09 1.12E+09 7.20E+08 4.56E+08 2.83E+08 1.72E+08 
  19.00  1.114  3.74E+12 2.22E+12 2.22E+12 1.96E+10 5.78E+10 9.30E+10 1.23E+11 1.48E+11 1.65E+11 1.76E+11 1.79E+11 1.76E+11 1.68E+11 1.56E+11 1.41E+11 1.24E+11 1.06E+11 8.89E+10 7.29E+10 5.85E+10 4.60E+10 3.54E+10 2.66E+10 1.97E+10 1.42E+10 1.01E+10 7.03E+09 4.79E+09 3.21E+09 2.11E+09 1.36E+09 8.57E+08 5.31E+08 
  20.00  1.140  9.04E+12 5.30E+12 5.30E+12 4.51E+10 1.33E+11 2.14E+11 2.85E+11 3.42E+11 3.84E+11 4.10E+11 4.20E+11 4.15E+11 3.98E+11 3.70E+11 3.36E+11 2.98E+11 2.57E+11 2.18E+11 1.80E+11 1.46E+11 1.16E+11 8.99E+10 6.85E+10 5.12E+10 3.75E+10 2.70E+10 1.90E+10 1.31E+10 8.93E+09 5.95E+09 3.89E+09 2.50E+09 1.58E+09 
  22.50  1.165  1.16E+14 4.27E+13 4.27E+13 3.37E+11 9.94E+11 1.61E+12 2.14E+12 2.59E+12 2.92E+12 3.14E+12 3.25E+12 3.24E+12 3.14E+12 2.97E+12 2.73E+12 2.46E+12 2.16E+12 1.86E+12 1.57E+12 1.30E+12 1.05E+12 8.38E+11 6.55E+11 5.02E+11 3.78E+11 2.79E+11 2.03E+11 1.45E+11 1.02E+11 7.01E+10 4.75E+10 3.17E+10 2.07E+10 
  25.00  1.229  8.96E+14 3.12E+14 3.12E+14 2.28E+12 6.75E+12 1.09E+13 1.46E+13 1.78E+13 2.02E+13 2.18E+13 2.27E+13 2.29E+13 2.24E+13 2.14E+13 2.00E+13 1.82E+13 1.62E+13 1.42E+13 1.22E+13 1.03E+13 8.48E+12 6.89E+12 5.50E+12 4.31E+12 3.32E+12 2.52E+12 1.88E+12 1.38E+12 9.93E+11 7.05E+11 4.92E+11 3.38E+11 2.29E+11 
  30.00  1.287  6.56E+16 1.29E+16 1.29E+16 8.30E+13 2.46E+14 3.99E+14 5.38E+14 6.57E+14 7.53E+14 8.24E+14 8.69E+14 8.89E+14 8.85E+14 8.60E+14 8.18E+14 7.62E+14 6.97E+14 6.25E+14 5.51E+14 4.78E+14 4.07E+14 3.42E+14 2.82E+14 2.29E+14 1.84E+14 1.45E+14 1.13E+14 8.63E+13 6.52E+13 4.85E+13 3.56E+13 2.57E+13 1.84E+13 
  40.00  1.397  1.04E+20 1.04E+19 1.04E+19 5.34E+16 1.58E+17 2.59E+17 3.51E+17 4.33E+17 5.03E+17 5.59E+17 6.00E+17 6.26E+17 6.38E+17 6.36E+17 6.22E+17 5.98E+17 5.65E+17 5.25E+17 4.81E+17 4.35E+17 3.87E+17 3.40E+17 2.95E+17 2.52E+17 2.13E+17 1.78E+17 1.47E+17 1.19E+17 9.61E+16 7.64E+16 6.01E+16 4.67E+16 3.59E+16 
  50.00  1.593  4.01E+22 4.00E+21 4.00E+21 1.71E+19 5.10E+19 8.35E+19 1.14E+20 1.42E+20 1.66E+20 1.86E+20 2.02E+20 2.14E+20 2.21E+20 2.24E+20 2.24E+20 2.19E+20 2.12E+20 2.02E+20 1.90E+20 1.76E+20 1.61E+20 1.46E+20 1.31E+20 1.16E+20 1.01E+20 8.79E+19 7.54E+19 6.40E+19 5.37E+19 4.47E+19 3.68E+19 3.00E+19 2.42E+19 
  60.00  1.767  9.08E+24 9.04E+23 9.04E+23 3.32E+21 9.89E+21 1.62E+22 2.23E+22 2.78E+22 3.27E+22 3.70E+22 4.06E+22 4.33E+22 4.53E+22 4.65E+22 4.70E+22 4.68E+22 4.59E+22 4.45E+22 4.26E+22 4.03E+22 3.77E+22 3.49E+22 3.20E+22 2.90E+22 2.61E+22 2.32E+22 2.05E+22 1.79E+22 1.55E+22 1.33E+22 1.13E+22 9.54E+21 7.98E+21 
  70.00  1.923  1.37E+27 1.36E+26 1.36E+26 4.37E+23 1.30E+24 2.14E+24 2.94E+24 3.69E+24 4.36E+24 4.96E+24 5.47E+24 5.89E+24 6.21E+24 6.44E+24 6.57E+24 6.61E+24 6.56E+24 6.44E+24 6.25E+24 6.00E+24 5.71E+24 5.37E+24 5.01E+24 4.63E+24 4.24E+24 3.85E+24 3.47E+24 3.10E+24 2.75E+24 2.41E+24 2.10E+24 1.82E+24 1.56E+24 
  80.00  2.068  1.48E+29 1.47E+28 1.47E+28 4.21E+25 1.26E+26 2.07E+26 2.85E+26 3.58E+26 4.25E+26 4.85E+26 5.38E+26 5.82E+26 6.18E+26 6.45E+26 6.63E+26 6.73E+26 6.75E+26 6.69E+26 6.56E+26 6.37E+26 6.13E+26 5.85E+26 5.53E+26 5.18E+26 4.82E+26 4.44E+26 4.07E+26 3.70E+26 3.33E+26 2.99E+26 2.65E+26 2.34E+26 2.05E+26 
