   0.25  0.312  1.48E+01 5.91E+01 5.91E+01 1.44E+00 4.10E+00 6.20E+00 7.50E+00 7.93E+00 7.58E+00 6.68E+00 5.47E+00 4.19E+00 3.02E+00 2.04E+00 1.31E+00 7.90E-01 4.52E-01 2.44E-01 1.25E-01 6.10E-02 2.82E-02 1.23E-02 5.13E-03 2.03E-03 7.61E-04 2.71E-04 9.20E-05 2.96E-05 9.07E-06 2.64E-06 7.31E-07 1.93E-07 4.82E-08 
   0.50  0.492  4.08E+01 1.04E+02 1.04E+02 2.43E+00 6.95E+00 1.05E+01 1.28E+01 1.37E+01 1.32E+01 1.18E+01 9.81E+00 7.65E+00 5.61E+00 3.88E+00 2.54E+00 1.57E+00 9.25E-01 5.16E-01 2.73E-01 1.37E-01 6.57E-02 2.99E-02 1.30E-02 5.34E-03 2.09E-03 7.82E-04 2.78E-04 9.43E-05 3.05E-05 9.37E-06 2.75E-06 7.67E-07 2.04E-07 
   0.75  0.401  8.74E+01 1.86E+02 1.86E+02 4.16E+00 1.19E+01 1.82E+01 2.22E+01 2.39E+01 2.33E+01 2.11E+01 1.77E+01 1.40E+01 1.05E+01 7.39E+00 4.94E+00 3.14E+00 1.89E+00 1.08E+00 5.90E-01 3.06E-01 1.51E-01 7.14E-02 3.21E-02 1.37E-02 5.61E-03 2.19E-03 8.14E-04 2.89E-04 9.79E-05 3.17E-05 9.78E-06 2.89E-06 8.13E-07 
   1.00  0.481  1.67E+02 3.18E+02 3.18E+02 6.83E+00 1.96E+01 3.00E+01 3.69E+01 3.99E+01 3.93E+01 3.59E+01 3.06E+01 2.46E+01 1.86E+01 1.34E+01 9.13E+00 5.92E+00 3.65E+00 2.14E+00 1.20E+00 6.41E-01 3.27E-01 1.59E-01 7.39E-02 3.28E-02 1.39E-02 5.64E-03 2.19E-03 8.10E-04 2.87E-04 9.73E-05 3.15E-05 9.77E-06 2.90E-06 
   1.25  0.637  2.85E+02 4.72E+02 4.72E+02 9.73E+00 2.80E+01 4.30E+01 5.31E+01 5.79E+01 5.75E+01 5.30E+01 4.57E+01 3.72E+01 2.86E+01 2.09E+01 1.45E+01 9.59E+00 6.04E+00 3.63E+00 2.09E+00 1.14E+00 5.99E-01 3.00E-01 1.44E-01 6.61E-02 2.90E-02 1.22E-02 4.91E-03 1.89E-03 6.99E-04 2.47E-04 8.38E-05 2.72E-05 8.46E-06 
   1.50  0.506  4.85E+02 7.99E+02 7.99E+02 1.59E+01 4.58E+01 7.04E+01 8.74E+01 9.58E+01 9.59E+01 8.92E+01 7.78E+01 6.41E+01 5.00E+01 3.71E+01 2.62E+01 1.76E+01 1.13E+01 6.95E+00 4.08E+00 2.30E+00 1.23E+00 6.36E-01 3.14E-01 1.49E-01 6.74E-02 2.93E-02 1.22E-02 4.88E-03 1.87E-03 6.89E-04 2.43E-04 8.24E-05 2.68E-05 
   1.75  0.453  8.44E+02 1.44E+03 1.44E+03 2.75E+01 7.94E+01 1.23E+02 1.53E+02 1.68E+02 1.70E+02 1.59E+02 1.40E+02 1.17E+02 9.24E+01 6.95E+01 4.98E+01 3.41E+01 2.23E+01 1.40E+01 8.39E+00 4.82E+00 2.66E+00 1.41E+00 7.13E-01 3.47E-01 1.62E-01 7.27E-02 3.13E-02 1.29E-02 5.15E-03 1.96E-03 7.21E-04 2.54E-04 8.61E-05 
   2.00  0.453  1.44E+03 2.38E+03 2.38E+03 4.41E+01 1.28E+02 1.97E+02 2.47E+02 2.74E+02 2.78E+02 2.63E+02 2.34E+02 1.97E+02 1.57E+02 1.20E+02 8.72E+01 6.06E+01 4.04E+01 2.58E+01 1.58E+01 9.26E+00 5.22E+00 2.82E+00 1.47E+00 7.34E-01 3.52E-01 1.63E-01 7.23E-02 3.09E-02 1.27E-02 5.01E-03 1.90E-03 6.97E-04 2.45E-04 
   2.25  0.492  2.39E+03 3.80E+03 3.80E+03 6.80E+01 1.97E+02 3.05E+02 3.84E+02 4.27E+02 4.36E+02 4.15E+02 3.73E+02 3.17E+02 2.56E+02 1.98E+02 1.46E+02 1.03E+02 6.96E+01 4.52E+01 2.82E+01 1.69E+01 9.71E+00 5.37E+00 2.86E+00 1.46E+00 7.22E-01 3.43E-01 1.56E-01 6.88E-02 2.92E-02 1.19E-02 4.68E-03 1.77E-03 6.46E-04 
   2.50  0.527  3.95E+03 6.25E+03 6.25E+03 1.08E+02 3.14E+02 4.88E+02 6.15E+02 6.88E+02 7.07E+02 6.78E+02 6.13E+02 5.26E+02 4.30E+02 3.35E+02 2.50E+02 1.79E+02 1.23E+02 8.13E+01 5.15E+01 3.14E+01 1.85E+01 1.04E+01 5.67E+00 2.97E+00 1.50E+00 7.31E-01 3.43E-01 1.55E-01 6.76E-02 2.84E-02 1.15E-02 4.51E-03 1.70E-03 
   2.75  0.476  6.69E+03 1.09E+04 1.09E+04 1.84E+02 5.33E+02 8.31E+02 1.05E+03 1.18E+03 1.22E+03 1.18E+03 1.07E+03 9.28E+02 7.66E+02 6.04E+02 4.57E+02 3.31E+02 2.31E+02 1.55E+02 9.96E+01 6.18E+01 3.70E+01 2.13E+01 1.18E+01 6.33E+00 3.27E+00 1.63E+00 7.84E-01 3.64E-01 1.63E-01 7.05E-02 2.94E-02 1.19E-02 4.62E-03 
   3.00  0.457  1.13E+04 1.83E+04 1.83E+04 2.99E+02 8.67E+02 1.35E+03 1.72E+03 1.94E+03 2.01E+03 1.95E+03 1.79E+03 1.56E+03 1.30E+03 1.04E+03 7.93E+02 5.82E+02 4.11E+02 2.79E+02 1.83E+02 1.15E+02 7.01E+01 4.12E+01 2.33E+01 1.27E+01 6.72E+00 3.43E+00 1.69E+00 8.02E-01 3.69E-01 1.64E-01 7.02E-02 2.91E-02 1.17E-02 
   3.25  0.509  1.86E+04 2.93E+04 2.93E+04 4.64E+02 1.35E+03 2.11E+03 2.68E+03 3.04E+03 3.17E+03 3.09E+03 2.86E+03 2.51E+03 2.11E+03 1.70E+03 1.31E+03 9.74E+02 6.96E+02 4.80E+02 3.18E+02 2.04E+02 1.26E+02 7.53E+01 4.34E+01 2.42E+01 1.30E+01 6.78E+00 3.41E+00 1.66E+00 7.81E-01 3.56E-01 1.57E-01 6.67E-02 2.75E-02 
   3.50  0.578  2.98E+04 4.49E+04 4.49E+04 6.90E+02 2.01E+03 3.15E+03 4.02E+03 4.56E+03 4.78E+03 4.70E+03 4.37E+03 3.87E+03 3.27E+03 2.66E+03 2.07E+03 1.56E+03 1.13E+03 7.85E+02 5.28E+02 3.43E+02 2.16E+02 1.31E+02 7.67E+01 4.35E+01 2.39E+01 1.27E+01 6.52E+00 3.24E+00 1.56E+00 7.27E-01 3.28E-01 1.43E-01 6.07E-02 
   3.75  0.592  4.69E+04 6.82E+04 6.82E+04 1.02E+03 2.97E+03 4.66E+03 5.96E+03 6.79E+03 7.15E+03 7.06E+03 6.60E+03 5.88E+03 5.02E+03 4.11E+03 3.24E+03 2.46E+03 1.80E+03 1.27E+03 8.64E+02 5.69E+02 3.63E+02 2.23E+02 1.33E+02 7.68E+01 4.29E+01 2.32E+01 1.22E+01 6.18E+00 3.04E+00 1.45E+00 6.68E-01 2.99E-01 1.30E-01 
   4.00  0.605  7.25E+04 1.03E+05 1.03E+05 1.49E+03 4.34E+03 6.83E+03 8.76E+03 1.00E+04 1.06E+04 1.05E+04 9.88E+03 8.86E+03 7.62E+03 6.29E+03 5.00E+03 3.83E+03 2.83E+03 2.02E+03 1.39E+03 9.29E+02 6.00E+02 3.75E+02 2.27E+02 1.33E+02 7.57E+01 4.17E+01 2.22E+01 1.15E+01 5.78E+00 2.81E+00 1.33E+00 6.07E-01 2.70E-01 
   4.25  0.618  1.11E+05 1.53E+05 1.53E+05 2.16E+03 6.31E+03 9.94E+03 1.28E+04 1.47E+04 1.55E+04 1.55E+04 1.46E+04 1.32E+04 1.14E+04 9.52E+03 7.63E+03 5.90E+03 4.40E+03 3.17E+03 2.22E+03 1.50E+03 9.79E+02 6.21E+02 3.81E+02 2.27E+02 1.31E+02 7.34E+01 3.99E+01 2.10E+01 1.08E+01 5.34E+00 2.57E+00 1.20E+00 5.46E-01 
   4.50  0.631  1.67E+05 2.26E+05 2.26E+05 3.12E+03 9.10E+03 1.43E+04 1.85E+04 2.13E+04 2.26E+04 2.27E+04 2.15E+04 1.96E+04 1.70E+04 1.43E+04 1.15E+04 8.99E+03 6.77E+03 4.94E+03 3.48E+03 2.38E+03 1.58E+03 1.01E+03 6.31E+02 3.81E+02 2.23E+02 1.27E+02 7.02E+01 3.77E+01 1.96E+01 9.92E+00 4.87E+00 2.33E+00 1.08E+00 
   4.75  0.643  2.50E+05 3.32E+05 3.32E+05 4.46E+03 1.30E+04 2.06E+04 2.66E+04 3.07E+04 3.27E+04 3.29E+04 3.14E+04 2.87E+04 2.52E+04 2.12E+04 1.73E+04 1.36E+04 1.03E+04 7.60E+03 5.42E+03 3.74E+03 2.51E+03 1.63E+03 1.03E+03 6.30E+02 3.75E+02 2.17E+02 1.22E+02 6.63E+01 3.51E+01 1.81E+01 9.05E+00 4.40E+00 2.08E+00 
   5.00  0.655  3.71E+05 4.83E+05 4.83E+05 6.34E+03 1.85E+04 2.93E+04 3.79E+04 4.39E+04 4.70E+04 4.74E+04 4.55E+04 4.18E+04 3.68E+04 3.13E+04 2.56E+04 2.03E+04 1.56E+04 1.16E+04 8.33E+03 5.82E+03 3.94E+03 2.59E+03 1.66E+03 1.03E+03 6.20E+02 3.64E+02 2.07E+02 1.15E+02 6.18E+01 3.24E+01 1.65E+01 8.17E+00 3.94E+00 
   5.50  0.667  8.74E+05 1.01E+06 1.01E+06 1.26E+04 3.68E+04 5.84E+04 7.58E+04 8.82E+04 9.50E+04 9.66E+04 9.35E+04 8.67E+04 7.72E+04 6.64E+04 5.52E+04 4.44E+04 3.46E+04 2.61E+04 1.91E+04 1.36E+04 9.43E+03 6.34E+03 4.15E+03 2.64E+03 1.63E+03 9.83E+02 5.76E+02 3.29E+02 1.82E+02 9.87E+01 5.19E+01 2.66E+01 1.33E+01 
   6.00  0.690  1.90E+06 2.05E+06 2.05E+06 2.45E+04 7.17E+04 1.14E+05 1.48E+05 1.73E+05 1.88E+05 1.92E+05 1.88E+05 1.75E+05 1.58E+05 1.37E+05 1.15E+05 9.41E+04 7.43E+04 5.70E+04 4.25E+04 3.08E+04 2.17E+04 1.49E+04 9.96E+03 6.48E+03 4.10E+03 2.53E+03 1.52E+03 8.92E+02 5.09E+02 2.83E+02 1.54E+02 8.14E+01 4.20E+01 
   6.50  0.718  3.93E+06 4.08E+06 4.08E+06 4.67E+04 1.37E+05 2.18E+05 2.85E+05 3.34E+05 3.64E+05 3.75E+05 3.68E+05 3.47E+05 3.15E+05 2.77E+05 2.36E+05 1.94E+05 1.56E+05 1.21E+05 9.17E+04 6.76E+04 4.85E+04 3.39E+04 2.31E+04 1.53E+04 9.91E+03 6.25E+03 3.85E+03 2.31E+03 1.35E+03 7.73E+02 4.31E+02 2.35E+02 1.25E+02 
   7.00  0.739  7.91E+06 7.96E+06 7.96E+06 8.75E+04 2.57E+05 4.10E+05 5.37E+05 6.32E+05 6.92E+05 7.16E+05 7.08E+05 6.73E+05 6.16E+05 5.46E+05 4.69E+05 3.92E+05 3.17E+05 2.50E+05 1.92E+05 1.44E+05 1.05E+05 7.45E+04 5.16E+04 3.49E+04 2.30E+04 1.48E+04 9.33E+03 5.73E+03 3.44E+03 2.01E+03 1.15E+03 6.43E+02 3.51E+02 
   7.50  0.760  1.55E+07 1.53E+07 1.53E+07 1.61E+05 4.74E+05 7.57E+05 9.94E+05 1.17E+06 1.29E+06 1.34E+06 1.34E+06 1.28E+06 1.18E+06 1.06E+06 9.16E+05 7.72E+05 6.33E+05 5.05E+05 3.93E+05 2.98E+05 2.20E+05 1.59E+05 1.12E+05 7.71E+04 5.18E+04 3.40E+04 2.18E+04 1.37E+04 8.38E+03 5.02E+03 2.94E+03 1.68E+03 9.41E+02 
   8.00  0.780  2.99E+07 2.88E+07 2.88E+07 2.93E+05 8.60E+05 1.38E+06 1.81E+06 2.15E+06 2.37E+06 2.48E+06 2.48E+06 2.39E+06 2.22E+06 2.00E+06 1.75E+06 1.49E+06 1.23E+06 9.96E+05 7.84E+05 6.02E+05 4.52E+05 3.31E+05 2.37E+05 1.65E+05 1.13E+05 7.55E+04 4.93E+04 3.15E+04 1.97E+04 1.20E+04 7.20E+03 4.22E+03 2.42E+03 
   8.50  0.799  5.66E+07 5.34E+07 5.34E+07 5.23E+05 1.54E+06 2.47E+06 3.26E+06 3.87E+06 4.29E+06 4.50E+06 4.53E+06 4.38E+06 4.11E+06 3.73E+06 3.29E+06 2.82E+06 2.36E+06 1.93E+06 1.53E+06 1.19E+06 9.05E+05 6.71E+05 4.87E+05 3.46E+05 2.40E+05 1.63E+05 1.08E+05 7.04E+04 4.48E+04 2.79E+04 1.70E+04 1.02E+04 5.96E+03 
   9.00  0.818  1.05E+08 9.77E+07 9.77E+07 9.24E+05 2.72E+06 4.37E+06 5.77E+06 6.88E+06 7.65E+06 8.07E+06 8.15E+06 7.94E+06 7.48E+06 6.84E+06 6.08E+06 5.26E+06 4.44E+06 3.66E+06 2.94E+06 2.31E+06 1.77E+06 1.33E+06 9.80E+05 7.05E+05 4.96E+05 3.42E+05 2.31E+05 1.53E+05 9.89E+04 6.28E+04 3.90E+04 2.38E+04 1.42E+04 
   9.50  0.836  1.94E+08 1.76E+08 1.76E+08 1.61E+06 4.75E+06 7.63E+06 1.01E+07 1.21E+07 1.35E+07 1.43E+07 1.45E+07 1.42E+07 1.34E+07 1.24E+07 1.11E+07 9.64E+06 8.21E+06 6.82E+06 5.54E+06 4.40E+06 3.41E+06 2.59E+06 1.93E+06 1.41E+06 1.00E+06 7.02E+05 4.81E+05 3.23E+05 2.13E+05 1.37E+05 8.67E+04 5.38E+04 3.27E+04 
  10.00  0.854  3.51E+08 3.14E+08 3.14E+08 2.78E+06 8.19E+06 1.32E+07 1.75E+07 2.10E+07 2.34E+07 2.49E+07 2.54E+07 2.50E+07 2.38E+07 2.20E+07 1.98E+07 1.74E+07 1.49E+07 1.25E+07 1.03E+07 8.22E+06 6.45E+06 4.96E+06 3.73E+06 2.75E+06 1.99E+06 1.41E+06 9.78E+05 6.67E+05 4.45E+05 2.92E+05 1.88E+05 1.18E+05 7.33E+04 
  11.00  0.872  1.32E+09 9.64E+08 9.64E+08 8.01E+06 2.36E+07 3.81E+07 5.07E+07 6.10E+07 6.86E+07 7.34E+07 7.54E+07 7.48E+07 7.20E+07 6.73E+07 6.14E+07 5.47E+07 4.76E+07 4.05E+07 3.37E+07 2.75E+07 2.20E+07 1.72E+07 1.32E+07 9.96E+06 7.37E+06 5.35E+06 3.81E+06 2.66E+06 1.83E+06 1.23E+06 8.16E+05 5.31E+05 3.39E+05 
  12.00  0.906  4.16E+09 2.85E+09 2.85E+09 2.23E+07 6.58E+07 1.06E+08 1.42E+08 1.71E+08 1.94E+08 2.08E+08 2.16E+08 2.15E+08 2.09E+08 1.98E+08 1.82E+08 1.64E+08 1.44E+08 1.25E+08 1.05E+08 8.72E+07 7.08E+07 5.65E+07 4.42E+07 3.39E+07 2.56E+07 1.90E+07 1.38E+07 9.89E+06 6.95E+06 4.81E+06 3.27E+06 2.18E+06 1.43E+06 
  13.00  0.942  1.23E+10 8.10E+09 8.10E+09 5.99E+07 1.77E+08 2.87E+08 3.84E+08 4.65E+08 5.28E+08 5.71E+08 5.94E+08 5.98E+08 5.85E+08 5.57E+08 5.18E+08 4.72E+08 4.20E+08 3.67E+08 3.14E+08 2.63E+08 2.17E+08 1.76E+08 1.40E+08 1.09E+08 8.40E+07 6.34E+07 4.71E+07 3.44E+07 2.47E+07 1.75E+07 1.21E+07 8.31E+06 5.60E+06 
  14.00  0.973  3.46E+10 2.23E+10 2.23E+10 1.56E+08 4.63E+08 7.49E+08 1.01E+09 1.22E+09 1.39E+09 1.51E+09 1.58E+09 1.60E+09 1.58E+09 1.52E+09 1.42E+09 1.31E+09 1.17E+09 1.04E+09 8.97E+08 7.63E+08 6.37E+08 5.23E+08 4.22E+08 3.35E+08 2.62E+08 2.01E+08 1.52E+08 1.13E+08 8.28E+07 5.97E+07 4.24E+07 2.96E+07 2.04E+07 
  15.00  1.004  9.40E+10 5.95E+10 5.95E+10 3.97E+08 1.17E+09 1.90E+09 2.56E+09 3.12E+09 3.57E+09 3.89E+09 4.09E+09 4.17E+09 4.13E+09 3.99E+09 3.78E+09 3.50E+09 3.17E+09 2.83E+09 2.47E+09 2.13E+09 1.80E+09 1.49E+09 1.22E+09 9.83E+08 7.78E+08 6.07E+08 4.66E+08 3.53E+08 2.63E+08 1.93E+08 1.40E+08 9.95E+07 6.99E+07 
  16.00  1.033  2.48E+11 1.54E+11 1.54E+11 9.81E+08 2.90E+09 4.72E+09 6.36E+09 7.77E+09 8.91E+09 9.76E+09 1.03E+10 1.05E+10 1.05E+10 1.02E+10 9.73E+09 9.08E+09 8.31E+09 7.47E+09 6.59E+09 5.73E+09 4.89E+09 4.11E+09 3.40E+09 2.77E+09 2.23E+09 1.76E+09 1.37E+09 1.05E+09 7.97E+08 5.95E+08 4.38E+08 3.18E+08 2.27E+08 
  17.00  1.061  6.39E+11 3.91E+11 3.91E+11 2.37E+09 7.03E+09 1.14E+10 1.54E+10 1.89E+10 2.17E+10 2.39E+10 2.53E+10 2.60E+10 2.61E+10 2.55E+10 2.44E+10 2.30E+10 2.12E+10 1.92E+10 1.71E+10 1.50E+10 1.29E+10 1.10E+10 9.17E+09 7.56E+09 6.14E+09 4.92E+09 3.88E+09 3.02E+09 2.32E+09 1.76E+09 1.31E+09 9.69E+08 7.05E+08 
  18.00  1.092  1.61E+12 9.67E+11 9.67E+11 5.62E+09 1.67E+10 2.71E+10 3.67E+10 4.50E+10 5.19E+10 5.72E+10 6.09E+10 6.28E+10 6.32E+10 6.22E+10 6.00E+10 5.67E+10 5.26E+10 4.80E+10 4.31E+10 3.81E+10 3.31E+10 2.84E+10 2.40E+10 2.00E+10 1.64E+10 1.33E+10 1.06E+10 8.38E+09 6.52E+09 5.01E+09 3.79E+09 2.84E+09 2.10E+09 
  19.00  1.118  3.95E+12 2.34E+12 2.34E+12 1.31E+10 3.87E+10 6.31E+10 8.54E+10 1.05E+11 1.21E+11 1.34E+11 1.43E+11 1.48E+11 1.50E+11 1.48E+11 1.44E+11 1.37E+11 1.28E+11 1.17E+11 1.06E+11 9.44E+10 8.28E+10 7.16E+10 6.10E+10 5.13E+10 4.26E+10 3.49E+10 2.82E+10 2.25E+10 1.77E+10 1.38E+10 1.06E+10 8.00E+09 5.99E+09 
  20.00  1.144  9.50E+12 5.56E+12 5.56E+12 2.97E+10 8.83E+10 1.44E+11 1.95E+11 2.40E+11 2.79E+11 3.09E+11 3.30E+11 3.44E+11 3.49E+11 3.46E+11 3.37E+11 3.22E+11 3.03E+11 2.80E+11 2.55E+11 2.28E+11 2.02E+11 1.76E+11 1.51E+11 1.28E+11 1.07E+11 8.88E+10 7.25E+10 5.84E+10 4.65E+10 3.66E+10 2.84E+10 2.18E+10 1.66E+10 
  22.50  1.169  1.21E+14 4.45E+13 4.45E+13 2.17E+11 6.44E+11 1.05E+12 1.43E+12 1.77E+12 2.06E+12 2.30E+12 2.48E+12 2.60E+12 2.66E+12 2.66E+12 2.62E+12 2.53E+12 2.41E+12 2.26E+12 2.09E+12 1.90E+12 1.71E+12 1.51E+12 1.33E+12 1.15E+12 9.79E+11 8.27E+11 6.90E+11 5.69E+11 4.64E+11 3.74E+11 2.99E+11 2.35E+11 1.84E+11 
  25.00  1.233  9.29E+14 3.23E+14 3.23E+14 1.44E+12 4.29E+12 7.03E+12 9.58E+12 1.19E+13 1.39E+13 1.56E+13 1.69E+13 1.78E+13 1.83E+13 1.85E+13 1.84E+13 1.80E+13 1.73E+13 1.64E+13 1.53E+13 1.41E+13 1.29E+13 1.16E+13 1.03E+13 9.04E+12 7.86E+12 6.75E+12 5.74E+12 4.83E+12 4.02E+12 3.31E+12 2.70E+12 2.17E+12 1.74E+12 
  30.00  1.291  6.73E+16 1.33E+16 1.33E+16 5.09E+13 1.52E+14 2.49E+14 3.40E+14 4.24E+14 4.99E+14 5.63E+14 6.16E+14 6.56E+14 6.85E+14 7.01E+14 7.05E+14 6.99E+14 6.83E+14 6.59E+14 6.28E+14 5.91E+14 5.50E+14 5.06E+14 4.61E+14 4.16E+14 3.71E+14 3.28E+14 2.87E+14 2.49E+14 2.14E+14 1.82E+14 1.53E+14 1.28E+14 1.06E+14 
  40.00  1.400  1.05E+20 1.05E+19 1.05E+19 3.14E+16 9.36E+16 1.54E+17 2.12E+17 2.66E+17 3.16E+17 3.60E+17 3.98E+17 4.30E+17 4.56E+17 4.74E+17 4.86E+17 4.92E+17 4.92E+17 4.86E+17 4.74E+17 4.59E+17 4.40E+17 4.17E+17 3.93E+17 3.66E+17 3.39E+17 3.11E+17 2.83E+17 2.55E+17 2.29E+17 2.03E+17 1.80E+17 1.57E+17 1.37E+17 
  50.00  1.596  4.01E+22 4.00E+21 4.00E+21 9.81E+18 2.93E+19 4.83E+19 6.67E+19 8.40E+19 1.00E+20 1.15E+20 1.28E+20 1.40E+20 1.49E+20 1.57E+20 1.63E+20 1.67E+20 1.69E+20 1.70E+20 1.69E+20 1.66E+20 1.62E+20 1.57E+20 1.51E+20 1.44E+20 1.36E+20 1.28E+20 1.19E+20 1.10E+20 1.02E+20 9.30E+19 8.45E+19 7.63E+19 6.85E+19 
  60.00  1.769  9.03E+24 8.99E+23 8.99E+23 1.87E+21 5.57E+21 9.21E+21 1.27E+22 1.61E+22 1.93E+22 2.22E+22 2.49E+22 2.73E+22 2.94E+22 3.12E+22 3.26E+22 3.37E+22 3.45E+22 3.50E+22 3.51E+22 3.50E+22 3.46E+22 3.39E+22 3.31E+22 3.20E+22 3.07E+22 2.94E+22 2.79E+22 2.63E+22 2.47E+22 2.30E+22 2.14E+22 1.97E+22 1.81E+22 
  70.00  1.925  1.35E+27 1.34E+26 1.34E+26 2.42E+23 7.23E+23 1.20E+24 1.66E+24 2.10E+24 2.52E+24 2.92E+24 3.28E+24 3.61E+24 3.91E+24 4.17E+24 4.39E+24 4.57E+24 4.71E+24 4.81E+24 4.87E+24 4.89E+24 4.88E+24 4.84E+24 4.76E+24 4.66E+24 4.53E+24 4.38E+24 4.21E+24 4.02E+24 3.83E+24 3.62E+24 3.41E+24 3.20E+24 2.98E+24 
  80.00  2.070  1.46E+29 1.45E+28 1.45E+28 2.30E+25 6.89E+25 1.14E+26 1.58E+26 2.01E+26 2.42E+26 2.80E+26 3.16E+26 3.49E+26 3.79E+26 4.06E+26 4.30E+26 4.50E+26 4.66E+26 4.79E+26 4.88E+26 4.94E+26 4.96E+26 4.95E+26 4.91E+26 4.85E+26 4.75E+26 4.64E+26 4.50E+26 4.35E+26 4.18E+26 4.00E+26 3.81E+26 3.61E+26 3.41E+26 
