# Energy [MeV], best_fit, best_fit-sigma, best_fit+sigma, staterr
1.354499999999999815e+00 1.200479899999999942e-08 9.349216438239852677e-09 1.267231480663985687e-08 1.039180599999999905e-09
1.476599999999999913e+00 1.581045199999999912e-08 1.245152292818901135e-08 1.670233326071071917e-08 9.697853600000000286e-10
1.598700000000000010e+00 1.520437100000000083e-08 1.210894245673636712e-08 1.607434437289296986e-08 1.054829399999999980e-09
1.720799999999999663e+00 1.784226099999999905e-08 1.436973694022100164e-08 1.887759038908351927e-08 1.109859399999999945e-09
1.842899999999999761e+00 1.708529100000000057e-08 1.391502531514846361e-08 1.809051536684036150e-08 1.003753600000000085e-09
1.964999999999999858e+00 1.668227200000000077e-08 1.373983274611204407e-08 1.767728611438440312e-08 9.058472299999999955e-10
2.087099999999999955e+00 2.007299000000000060e-08 1.671877527042484726e-08 2.128649765633619040e-08 1.102801199999999924e-09
2.209200000000000053e+00 2.117105200000000147e-08 1.783210872787081879e-08 2.246811029157609208e-08 1.140428300000000037e-09
2.331299999999999706e+00 2.343551299999999916e-08 1.996200365863000744e-08 2.489031114041937143e-08 1.137047900000000072e-09
2.453399999999999803e+00 2.521806399999999846e-08 2.172395465818014734e-08 2.680398280177498482e-08 1.302499699999999904e-09
2.575499999999999901e+00 2.957495899999999864e-08 2.575580277929593643e-08 3.145891601766304936e-08 1.492323599999999981e-09
2.697599999999999998e+00 3.015275899999999803e-08 2.660772414172714138e-08 3.209804604061514584e-08 1.589449700000000035e-09
2.819699999999999651e+00 3.153557400000000180e-08 2.802646555160503244e-08 3.359572703223489846e-08 1.704326700000000031e-09
2.941799999999999748e+00 3.289838799999999912e-08 2.944622104673958780e-08 3.507437043296888396e-08 1.847707799999999942e-09
3.063899999999999846e+00 3.625645900000000126e-08 3.268349400789854340e-08 3.868409054770017229e-08 1.912094700000000010e-09
3.185999999999999943e+00 3.721646999999999815e-08 3.378834136378493843e-08 3.973874166760864093e-08 2.210606999999999954e-09
3.308099999999999596e+00 3.837974899999999963e-08 3.509321070383595544e-08 4.101217916045315115e-08 2.509515299999999985e-09
3.430200000000000138e+00 3.871215899999999724e-08 3.564988503632726913e-08 4.139900302641910648e-08 2.576858099999999944e-09
3.552299999999999791e+00 3.944976599999999742e-08 3.658858337452381700e-08 4.222006340549185117e-08 2.879516799999999806e-09
3.674399999999999444e+00 4.003968700000000267e-08 3.740098096176224849e-08 4.288417625193367646e-08 3.347566199999999875e-09
3.796499999999999986e+00 4.019829800000000271e-08 3.781737286813893692e-08 4.305412041016020811e-08 3.223098200000000011e-09
3.918599999999999639e+00 3.741849099999999897e-08 3.545374664656853768e-08 4.014306694336254216e-08 3.329389400000000034e-09
4.040700000000000180e+00 4.022523100000000204e-08 3.836135446347101332e-08 4.322567271115003000e-08 3.980361800000000258e-09
4.162799999999999834e+00 4.474645000000000030e-08 4.212193519515710644e-08 4.816792572027455025e-08 4.008553899999999772e-09
4.284899999999999487e+00 4.976518400000000168e-08 4.687072973780989457e-08 5.367797800813438717e-08 5.585784300000000253e-09
4.407000000000000028e+00 6.005168300000000218e-08 5.658841351680427474e-08 6.490392019382988221e-08 6.178010099999999877e-09
4.529099999999999682e+00 5.741130600000000196e-08 5.413340081768538069e-08 6.264082249371100823e-08 6.509451599999999781e-09
4.651200000000000223e+00 6.065312899999999866e-08 5.715066820095509927e-08 6.675802976097177329e-08 7.022698900000000224e-09
4.773299999999999876e+00 7.027092900000000157e-08 6.616741053823336622e-08 7.804753035209578135e-08 8.278635600000000524e-09
4.895399999999999530e+00 6.838231299999999371e-08 6.434479026816812046e-08 7.664136923917206741e-08 1.030037700000000065e-08
5.017500000000000071e+00 6.903090400000000037e-08 6.491055084218441174e-08 7.680373366749542187e-08 8.878365599999999238e-09
5.139599999999999724e+00 9.623307999999999790e-08 9.042706325140657513e-08 1.080855448239660094e-07 1.321850100000000053e-08
5.261700000000000266e+00 1.066718100000000029e-07 1.001674802714257725e-07 1.209478008653251478e-07 1.597185299999999849e-08
5.383799999999999919e+00 1.087091999999999951e-07 1.020110804620181032e-07 1.244283856552641862e-07 1.953997299999999960e-08
5.505899999999999572e+00 8.789795899999999421e-08 8.242596003121676419e-08 1.015658154453520052e-07 2.124619399999999943e-08
5.628000000000000114e+00 1.062694699999999945e-07 9.958609150906348106e-08 1.239656578216989988e-07 2.322775699999999990e-08
5.750099999999999767e+00 1.265725599999999966e-07 1.185320739889031630e-07 1.490585709814392752e-07 3.137934700000000070e-08
5.872199999999999420e+00 1.290695799999999889e-07 1.207887145411406356e-07 1.534496306099570235e-07 4.853916400000000140e-08
5.994299999999999962e+00 1.784063799999999916e-07 1.668474854598643754e-07 2.141300705594477004e-07 9.046593200000000238e-08
