# Energy [MeV], best_fit, best_fit-sigma, best_fit+sigma, staterr
-2.328000000000000069e-01 1.509084999999999965e+01 1.400131220528633058e+01 1.543634291046663520e+01 1.530956500000000053e+00
-1.107000000000000206e-01 2.269315299999999880e+01 2.125768964769297398e+01 2.316314535957299725e+01 1.972892400000000102e+00
1.139999999999996572e-02 3.616813700000000154e+01 3.420694105612122371e+01 3.683841073337950434e+01 2.746599199999999907e+00
1.334999999999999520e-01 4.865869899999999859e+01 4.646396588299145947e+01 4.945468217020837898e+01 3.748447399999999874e+00
2.555999999999999384e-01 6.661535600000000557e+01 6.422549236535873263e+01 6.756059769351620048e+01 4.866863699999999682e+00
3.777000000000000357e-01 7.800564599999999871e+01 7.563122811045454341e+01 7.894369570782077972e+01 5.733403199999999700e+00
4.997999999999999110e-01 1.128603600000000000e+02 1.096509092682421169e+02 1.139036123108521963e+02 8.038191799999999887e+00
6.219000000000000083e-01 1.532509300000000110e+02 1.490421866479408379e+02 1.550104272343647551e+02 9.145175000000000054e+00
7.439999999999998836e-01 1.926750499999999988e+02 1.875715898723794055e+02 1.969232659756484622e+02 1.109359599999999979e+01
8.660999999999999810e-01 2.611323899999999867e+02 2.544708574088004696e+02 2.698872678810609500e+02 1.347336699999999965e+01
9.881999999999998563e-01 3.208631300000000124e+02 3.127049625382147156e+02 3.353456580828508891e+02 1.675904500000000041e+01
1.110300000000000065e+00 3.705631399999999758e+02 3.614021684530638368e+02 3.916404990938422657e+02 1.665375500000000031e+01
1.232399999999999718e+00 4.507477099999999837e+02 4.399218730824966883e+02 4.817397124693450792e+02 2.408956500000000034e+01
1.354499999999999815e+00 5.783480799999999817e+02 5.648651081947693910e+02 6.250616235194588626e+02 2.514526400000000095e+01
1.476599999999999913e+00 7.384208999999999605e+02 7.217269357752954875e+02 8.070368871021389623e+02 3.206001700000000199e+01
1.598700000000000010e+00 9.133206199999999626e+02 8.935610270147036545e+02 1.009414955012809401e+03 3.746288700000000205e+01
1.720799999999999663e+00 1.279269999999999982e+03 1.251528062009150062e+03 1.429772369696329633e+03 4.312387799999999771e+01
1.842899999999999761e+00 1.566515499999999975e+03 1.526647857662976776e+03 1.770511225986553427e+03 7.074497999999999820e+01
1.964999999999999858e+00 2.031506200000000035e+03 1.975125560969855769e+03 2.321896245175965760e+03 8.124089800000000139e+01
2.087099999999999955e+00 2.534110400000000027e+03 2.457959343552320206e+03 2.932886344336287493e+03 8.840113800000000310e+01
2.209200000000000053e+00 3.174825699999999870e+03 3.072148091163431673e+03 3.716803057824966800e+03 1.327141100000000051e+02
2.331299999999999706e+00 3.756831299999999828e+03 3.626746155411219206e+03 4.448911549826699229e+03 1.521589099999999917e+02
2.453399999999999803e+00 5.030721199999999953e+03 4.845060906143799002e+03 6.026254667247375437e+03 2.093790300000000002e+02
2.575499999999999901e+00 5.969421900000000278e+03 5.735551404567785539e+03 7.233315025505172343e+03 2.889478500000000167e+02
2.697599999999999998e+00 8.203065399999999499e+03 7.863093755600848453e+03 1.005476558214734177e+04 4.401908900000000244e+02
2.819699999999999651e+00 1.046458400000000074e+04 1.000722933918213494e+04 1.297509976903936695e+04 6.050312500000000000e+02
2.941799999999999748e+00 1.300303100000000086e+04 1.240541532587338588e+04 1.630906797866849047e+04 6.416688799999999446e+02
3.063899999999999846e+00 1.427689300000000003e+04 1.358862404563255404e+04 1.811410193159433038e+04 9.684626500000000533e+02
3.185999999999999943e+00 1.823519900000000052e+04 1.731520683074959379e+04 2.340425799021255807e+04 1.096815700000000106e+03
3.308099999999999596e+00 2.342559200000000055e+04 2.219133912228528061e+04 3.041438354950923895e+04 1.632959800000000087e+03
3.430200000000000138e+00 3.337329299999999785e+04 3.154045950954567888e+04 4.383228493422750034e+04 2.532538100000000213e+03
3.552299999999999791e+00 4.233169099999999889e+04 3.991269313262541982e+04 5.624325700348053215e+04 3.622844200000000001e+03
3.674399999999999444e+00 5.325508999999999651e+04 5.009373887750750873e+04 7.157780944973594160e+04 4.738070300000000316e+03
3.796499999999999986e+00 5.847367199999999866e+04 5.487306624663512775e+04 7.950464479906913766e+04 6.562321299999999610e+03
3.918599999999999639e+00 7.362163300000000163e+04 6.892585473292540701e+04 1.012641878964774805e+05 8.327482400000000780e+03
4.040700000000000180e+00 7.389080499999999302e+04 6.901522247564485588e+04 1.028163200177210820e+05 1.038286700000000019e+04
4.162799999999999834e+00 1.141576300000000047e+05 1.063743979656050506e+05 1.606943711880780174e+05 1.675103499999999985e+04
4.284899999999999487e+00 1.282887200000000012e+05 1.192611559100635204e+05 1.826883467853947368e+05 2.034885699999999997e+04
4.407000000000000028e+00 1.188984100000000035e+05 1.102719345136843476e+05 1.712884103868798702e+05 3.296223000000000320e+04
4.529099999999999682e+00 1.732886600000000035e+05 1.603385587345782551e+05 2.525544069496442971e+05 5.077806199999999808e+04
4.651200000000000223e+00 1.730868599999999860e+05 1.597758850879488746e+05 2.552022171840163355e+05 1.165009100000000035e+05
